map v0.1
vertex-count 31
vertex 0 64 -64
vertex 1 -64 -64
vertex 2 -64 128
vertex 3 64 64
vertex 4 224 128
vertex 5 224 -224
vertex 6 96 -96
vertex 7 96 64
vertex 8 -64 -96
vertex 9 -64 -224
vertex 10 -96 -96
vertex 11 -256 -192
vertex 12 -96 192
vertex 13 -128 320
vertex 14 192 256
vertex 15 224 192
vertex 16 128 -128
vertex 17 128 -192
vertex 18 192 -192
vertex 19 192 -128
vertex 20 256 160
vertex 21 256 -256
vertex 22 -96 -256
vertex 23 -96 -224
vertex 24 448 192
vertex 25 288 -416
vertex 26 -288 -320
vertex 27 -32 160
vertex 28 -64 160
vertex 29 192 160
vertex 30 224 160
line-count 36
line 0 1 0 1 0 0 0 0 3072 0 0
line 1 0 3 1 0 0 0 0 3072 0 0
line 2 2 1 1 0 0 0 0 3072 0 0
line 3 3 7 1 0 0 0 0 3072 0 0
line 4 7 6 1 0 0 0 0 3072 0 0
line 5 6 8 1 0 0 0 0 3072 0 0
line 6 9 8 2 1 0 0 0 3145731 0 0
line 7 9 5 1 0 0 0 0 3072 0 0
line 8 5 4 1 0 0 0 0 3072 0 0
line 9 11 23 2 4 0 0 0 3145728 0 -3
line 10 8 10 2 0 0 56 0 7168 0 0
line 11 10 12 2 0 0 0 0 3072 0 0
line 12 12 15 2 0 0 0 0 3072 0 0
line 13 15 14 2 4 0 0 0 3145728 0 -7
line 14 14 13 2 0 0 0 0 3072 0 -6
line 15 13 11 2 0 0 0 0 3072 0 -15
line 16 22 23 4 0 0 0 0 3072 0 0
line 17 16 19 1 3 0 0 0 5242885 0 0
line 18 19 18 1 3 0 0 0 5242885 0 0
line 19 18 17 1 3 0 0 0 5242885 0 0
line 20 17 16 1 3 0 0 0 5242885 0 0
line 21 11 26 4 0 0 0 0 14336 0 -3
line 22 26 25 4 0 0 0 0 14336 0 -7
line 23 25 24 4 0 0 0 0 14336 0 12
line 24 24 14 4 0 0 0 0 14336 0 -7
line 25 15 20 4 0 0 0 0 14336 0 19
line 26 20 21 4 0 0 0 0 14336 0 32
line 27 21 22 4 0 0 0 0 14336 0 32
line 28 23 9 2 0 0 56 0 7168 0 0
line 29 29 27 1 0 0 0 0 3072 0 0
line 30 4 29 1 6 0 0 0 3145731 0 -13
line 31 27 2 1 5 0 0 0 3145731 0 -13
line 32 4 30 6 0 0 32 0 3072 0 0
line 33 30 29 6 0 0 32 0 3072 0 0
line 34 27 28 5 0 0 32 0 3072 0 0
line 35 28 2 5 0 0 32 0 3072 0 0
sector-count 7
sector 0 0 0 0 0 0 0
sector 1 0 96 128 0 0 8200
sector 2 -8 168 144 0 0 8200
sector 3 8 88 255 0 0 6150
sector 4 -8 112 160 0 0 8200
sector 5 32 64 255 32 0 9225
sector 6 32 64 255 0 0 9225
object-count 2
object 0 0 0 0 32 0 0 6
object 1 1 160 -160 0 0 0 0
