map v0.1
vertex-count 1033
vertex 0 -32 64
vertex 1 -64 32
vertex 2 -64 -32
vertex 3 -32 -64
vertex 4 32 -64
vertex 5 64 -32
vertex 6 64 32
vertex 7 32 64
vertex 8 -32 96
vertex 9 32 96
vertex 10 32 32
vertex 11 32 -32
vertex 12 -32 -32
vertex 13 -32 32
vertex 14 -64 128
vertex 15 -64 512
vertex 16 4768 2464
vertex 17 2928 480
vertex 18 64 448
vertex 19 64 128
vertex 20 384 576
vertex 21 384 512
vertex 22 96 480
vertex 23 64 576
vertex 24 64 512
vertex 25 32 608
vertex 26 4960 2752
vertex 27 480 512
vertex 28 416 480
vertex 29 448 512
vertex 30 448 576
vertex 31 416 608
vertex 32 480 576
vertex 33 4288 2272
vertex 34 1696 800
vertex 35 -32 576
vertex 36 512 608
vertex 37 512 480
vertex 38 576 480
vertex 39 608 512
vertex 40 608 576
vertex 41 576 608
vertex 42 512 576
vertex 43 512 512
vertex 44 576 512
vertex 45 576 576
vertex 46 512 640
vertex 47 576 640
vertex 48 640 576
vertex 49 640 512
vertex 50 576 448
vertex 51 512 448
vertex 52 480 416
vertex 53 608 416
vertex 54 480 384
vertex 55 448 352
vertex 56 608 320
vertex 57 512 224
vertex 58 576 256
vertex 59 480 320
vertex 60 480 256
vertex 61 544 288
vertex 62 512 352
vertex 63 576 352
vertex 64 256 256
vertex 65 288 224
vertex 66 256 192
vertex 67 224 224
vertex 68 256 320
vertex 69 224 352
vertex 70 160 224
vertex 71 128 256
vertex 72 192 288
vertex 73 160 320
vertex 74 224 0
vertex 75 160 0
vertex 76 128 0
vertex 77 256 0
vertex 78 160 -32
vertex 79 224 -32
vertex 80 512 416
vertex 81 576 416
vertex 82 672 576
vertex 83 672 512
vertex 84 704 512
vertex 85 736 576
vertex 86 768 544
vertex 87 672 480
vertex 88 672 608
vertex 89 768 608
vertex 90 800 576
vertex 91 704 256
vertex 92 768 256
vertex 93 672 224
vertex 94 800 288
vertex 95 832 256
vertex 96 800 224
vertex 97 800 160
vertex 98 768 128
vertex 99 736 192
vertex 100 704 160
vertex 101 1024 224
vertex 102 1024 160
vertex 103 992 128
vertex 104 1024 96
vertex 105 1056 128
vertex 106 1056 256
vertex 107 1120 128
vertex 108 1152 160
vertex 109 1088 192
vertex 110 1120 224
vertex 111 1024 0
vertex 112 1120 0
vertex 113 1056 -32
vertex 114 1056 0
vertex 115 1120 -32
vertex 116 1152 0
vertex 117 160 -64
vertex 118 224 -64
vertex 119 1056 -64
vertex 120 1120 -64
vertex 121 128 -96
vertex 122 128 -160
vertex 123 160 -192
vertex 124 1152 -96
vertex 125 1152 -160
vertex 126 1120 -192
vertex 127 1024 -96
vertex 128 256 -96
vertex 129 256 -192
vertex 130 1024 -192
vertex 131 256 -128
vertex 132 1024 -128
vertex 133 160 -96
vertex 134 160 -160
vertex 135 224 -160
vertex 136 224 -96
vertex 137 1056 -96
vertex 138 1056 -160
vertex 139 1120 -160
vertex 140 1120 -96
vertex 141 320 -128
vertex 142 384 -128
vertex 143 320 -192
vertex 144 384 -192
vertex 145 120 -96
vertex 146 120 -164
vertex 147 156 -200
vertex 148 256 -200
vertex 149 608 -192
vertex 150 608 -128
vertex 151 672 -192
vertex 152 672 -128
vertex 153 1280 -160
vertex 154 1248 -448
vertex 155 1160 -96
vertex 156 1160 -164
vertex 157 1024 -200
vertex 158 1124 -200
vertex 159 1280 -416
vertex 160 1000 -224
vertex 161 960 -128
vertex 162 896 -128
vertex 163 896 -192
vertex 164 960 -192
vertex 165 832 -128
vertex 166 832 -192
vertex 167 448 -192
vertex 168 448 -128
vertex 169 512 -128
vertex 170 512 -192
vertex 171 768 -192
vertex 172 768 -128
vertex 173 704 -128
vertex 174 704 -192
vertex 175 576 -192
vertex 176 576 -128
vertex 177 608 -96
vertex 178 672 -96
vertex 179 608 -224
vertex 180 672 -224
vertex 181 -32 -128
vertex 182 -32 -416
vertex 183 0 -448
vertex 184 280 -224
vertex 185 480 -224
vertex 186 512 -256
vertex 187 512 -288
vertex 188 544 -320
vertex 189 608 -288
vertex 190 576 -320
vertex 191 672 -288
vertex 192 704 -320
vertex 193 736 -320
vertex 194 768 -288
vertex 195 768 -256
vertex 196 800 -224
vertex 197 480 672
vertex 198 608 672
vertex 199 512 704
vertex 200 576 704
vertex 201 512 896
vertex 202 480 928
vertex 203 576 896
vertex 204 608 928
vertex 205 608 992
vertex 206 576 1024
vertex 207 512 1024
vertex 208 480 864
vertex 209 448 896
vertex 210 608 864
vertex 211 640 896
vertex 212 640 1024
vertex 213 608 1056
vertex 214 480 1056
vertex 215 448 1024
vertex 216 480 992
vertex 217 5568 1184
vertex 218 5568 2144
vertex 219 5600 2304
vertex 220 5248 1664
vertex 221 32 896
vertex 222 96 1024
vertex 223 64 992
vertex 224 64 928
vertex 225 480 1344
vertex 226 608 1248
vertex 227 512 1312
vertex 228 576 1280
vertex 229 64 1056
vertex 230 32 1024
vertex 231 -32 1024
vertex 232 -64 992
vertex 233 -32 928
vertex 234 0 960
vertex 235 32 1248
vertex 236 -32 1248
vertex 237 -64 1216
vertex 238 64 1216
vertex 239 -96 1248
vertex 240 -64 1280
vertex 241 -64 1344
vertex 242 -96 1376
vertex 243 64 1280
vertex 244 96 1248
vertex 245 -416 1376
vertex 246 -416 1344
vertex 247 -416 1280
vertex 248 -416 1248
vertex 249 1024 1056
vertex 250 3648 2304
vertex 251 3968 2272
vertex 252 1152 1120
vertex 253 5568 2304
vertex 254 5248 1792
vertex 255 3968 2112
vertex 256 1088 320
vertex 257 1024 352
vertex 258 1120 384
vertex 259 1248 1120
vertex 260 1280 1184
vertex 261 1312 1152
vertex 262 1440 608
vertex 263 4000 2304
vertex 264 1376 480
vertex 265 1152 416
vertex 266 1056 384
vertex 267 1440 480
vertex 268 1344 512
vertex 269 1344 576
vertex 270 1376 608
vertex 271 5952 1216
vertex 272 5600 2752
vertex 273 5920 1184
vertex 274 5568 2752
vertex 275 5760 2144
vertex 276 5888 2144
vertex 277 -448 1280
vertex 278 -448 1344
vertex 279 640 1280
vertex 280 640 1344
vertex 281 608 1376
vertex 282 512 1376
vertex 283 544 1344
vertex 284 608 1344
vertex 285 608 1280
vertex 286 -480 1344
vertex 287 -480 1280
vertex 288 672 1344
vertex 289 672 1280
vertex 290 1344 448
vertex 291 1472 448
vertex 292 -64 1408
vertex 293 64 1408
vertex 294 96 1376
vertex 295 64 1344
vertex 296 32 1376
vertex 297 -32 1376
vertex 298 512 992
vertex 299 512 928
vertex 300 576 928
vertex 301 576 992
vertex 302 -32 1344
vertex 303 -32 1280
vertex 304 32 1344
vertex 305 32 1280
vertex 306 1344 640
vertex 307 1312 480
vertex 308 1312 608
vertex 309 1472 640
vertex 310 864 1344
vertex 311 864 1376
vertex 312 896 1344
vertex 313 896 1280
vertex 314 864 1248
vertex 315 4800 2464
vertex 316 1184 384
vertex 317 1152 352
vertex 318 3456 992
vertex 319 1120 256
vertex 320 1056 288
vertex 321 6112 1056
vertex 322 1344 992
vertex 323 5952 1024
vertex 324 5760 2912
vertex 325 3520 448
vertex 326 4608 2144
vertex 327 3472 944
vertex 328 3360 848
vertex 329 4608 1792
vertex 330 3408 656
vertex 331 -32 480
vertex 332 5888 1536
vertex 333 1280 1024
vertex 334 1344 1024
vertex 335 1216 -96
vertex 336 1376 1024
vertex 337 608 -416
vertex 338 1088 -448
vertex 339 1056 -480
vertex 340 640 -416
vertex 341 32 -256
vertex 342 32 -288
vertex 343 64 -288
vertex 344 64 -256
vertex 345 128 -256
vertex 346 160 -256
vertex 347 160 -288
vertex 348 128 -288
vertex 349 32 -352
vertex 350 32 -384
vertex 351 64 -384
vertex 352 64 -352
vertex 353 128 -352
vertex 354 160 -352
vertex 355 160 -384
vertex 356 128 -384
vertex 357 224 -288
vertex 358 256 -288
vertex 359 256 -320
vertex 360 224 -320
vertex 361 224 -384
vertex 362 256 -384
vertex 363 224 -416
vertex 364 256 -416
vertex 365 320 -288
vertex 366 352 -288
vertex 367 352 -320
vertex 368 320 -320
vertex 369 352 -384
vertex 370 320 -384
vertex 371 320 -416
vertex 372 352 -416
vertex 373 416 -288
vertex 374 448 -288
vertex 375 448 -320
vertex 376 416 -320
vertex 377 416 -384
vertex 378 448 -384
vertex 379 416 -416
vertex 380 448 -416
vertex 381 0 -96
vertex 382 160 -448
vertex 383 192 -480
vertex 384 512 -384
vertex 385 512 -416
vertex 386 544 -416
vertex 387 544 -384
vertex 388 608 -384
vertex 389 640 -384
vertex 390 32 -160
vertex 391 32 -192
vertex 392 64 -192
vertex 393 64 -160
vertex 394 704 -384
vertex 395 704 -416
vertex 396 736 -416
vertex 397 736 -384
vertex 398 800 -384
vertex 399 800 -416
vertex 400 832 -416
vertex 401 832 -384
vertex 402 896 -384
vertex 403 928 -416
vertex 404 896 -416
vertex 405 928 -384
vertex 406 896 -320
vertex 407 896 -288
vertex 408 928 -288
vertex 409 928 -320
vertex 410 992 -288
vertex 411 1024 -288
vertex 412 992 -320
vertex 413 1024 -320
vertex 414 992 -384
vertex 415 1024 -384
vertex 416 1024 -416
vertex 417 992 -416
vertex 418 1088 -256
vertex 419 1120 -256
vertex 420 1088 -288
vertex 421 1120 -288
vertex 422 1088 -384
vertex 423 1120 -384
vertex 424 1088 -352
vertex 425 1120 -352
vertex 426 1184 -288
vertex 427 1216 -288
vertex 428 1184 -256
vertex 429 1216 -256
vertex 430 1184 -384
vertex 431 1216 -384
vertex 432 1184 -352
vertex 433 1216 -352
vertex 434 608 -64
vertex 435 672 -64
vertex 436 5120 2624
vertex 437 4640 1824
vertex 438 5408 2272
vertex 439 5120 2144
vertex 440 3280 528
vertex 441 3248 400
vertex 442 3184 416
vertex 443 3088 576
vertex 444 3120 432
vertex 445 3216 544
vertex 446 3344 512
vertex 447 3968 1984
vertex 448 -192 736
vertex 449 -192 800
vertex 450 5760 1536
vertex 451 5888 2752
vertex 452 5888 2112
vertex 453 5760 1984
vertex 454 4480 1632
vertex 455 3648 2752
vertex 456 4288 1184
vertex 457 5408 2112
vertex 458 4928 2112
vertex 459 5088 2112
vertex 460 352 1376
vertex 461 288 1376
vertex 462 3520 2752
vertex 463 3520 2624
vertex 464 5568 2912
vertex 465 4768 1024
vertex 466 4928 1056
vertex 467 4800 1056
vertex 468 4768 896
vertex 469 5600 2944
vertex 470 5728 2752
vertex 471 5408 1056
vertex 472 5760 2784
vertex 473 5568 2784
vertex 474 6080 1024
vertex 475 4960 1024
vertex 476 4800 864
vertex 477 4960 896
vertex 478 -160 736
vertex 479 -160 800
vertex 480 288 1408
vertex 481 352 1408
vertex 482 3152 560
vertex 483 3056 448
vertex 484 3472 400
vertex 485 5248 1056
vertex 486 3024 592
vertex 487 2944 608
vertex 488 2992 464
vertex 489 3424 608
vertex 490 3328 992
vertex 491 -512 1248
vertex 492 -224 832
vertex 493 -512 1088
vertex 494 -256 832
vertex 495 -384 864
vertex 496 -512 1344
vertex 497 -480 960
vertex 498 -224 704
vertex 499 -512 1376
vertex 500 -608 1376
vertex 501 -640 1344
vertex 502 -544 1280
vertex 503 -576 1344
vertex 504 -608 1312
vertex 505 -544 1056
vertex 506 -608 1024
vertex 507 -224 800
vertex 508 -224 736
vertex 509 -288 800
vertex 510 -320 736
vertex 511 -512 1280
vertex 512 -384 832
vertex 513 -512 960
vertex 514 -576 928
vertex 515 -416 768
vertex 516 -480 800
vertex 517 -544 864
vertex 518 -480 896
vertex 519 -448 864
vertex 520 -224 640
vertex 521 -256 608
vertex 522 -704 608
vertex 523 -736 640
vertex 524 -736 1312
vertex 525 -704 1344
vertex 526 800 1376
vertex 527 768 1344
vertex 528 768 1280
vertex 529 800 1248
vertex 530 800 1408
vertex 531 864 1408
vertex 532 768 1440
vertex 533 384 1440
vertex 534 256 1440
vertex 535 256 1536
vertex 536 288 1568
vertex 537 896 1440
vertex 538 896 1536
vertex 539 864 1568
vertex 540 288 1440
vertex 541 352 1440
vertex 542 352 1472
vertex 543 288 1504
vertex 544 320 1536
vertex 545 832 1536
vertex 546 864 1504
vertex 547 800 1472
vertex 548 800 1440
vertex 549 864 1440
vertex 550 800 1344
vertex 551 800 1280
vertex 552 864 1280
vertex 553 736 1344
vertex 554 736 1280
vertex 555 5888 1184
vertex 556 1248 1024
vertex 557 5568 2592
vertex 558 1280 992
vertex 559 1472 576
vertex 560 1504 608
vertex 561 1472 512
vertex 562 1504 480
vertex 563 1536 704
vertex 564 1568 736
vertex 565 1568 672
vertex 566 1600 704
vertex 567 1632 352
vertex 568 1600 320
vertex 569 1696 704
vertex 570 1728 672
vertex 571 5120 1536
vertex 572 1696 640
vertex 573 1600 416
vertex 574 1664 416
vertex 575 1696 448
vertex 576 1728 416
vertex 577 1696 384
vertex 578 1696 320
vertex 579 1664 288
vertex 580 1568 384
vertex 581 1824 416
vertex 582 1824 384
vertex 583 2624 608
vertex 584 2624 480
vertex 585 1824 672
vertex 586 1824 704
vertex 587 1632 800
vertex 588 1664 832
vertex 589 1824 608
vertex 590 1824 480
vertex 591 1856 448
vertex 592 2400 512
vertex 593 1856 640
vertex 594 2272 576
vertex 595 1984 640
vertex 596 1984 448
vertex 597 2016 480
vertex 598 2016 608
vertex 599 1856 576
vertex 600 1888 608
vertex 601 1952 608
vertex 602 1984 576
vertex 603 1984 512
vertex 604 1952 480
vertex 605 1888 480
vertex 606 1856 512
vertex 607 2304 608
vertex 608 2016 672
vertex 609 2016 704
vertex 610 2432 608
vertex 611 2368 480
vertex 612 2016 416
vertex 613 2016 384
vertex 614 2592 576
vertex 615 2592 512
vertex 616 2432 480
vertex 617 2080 608
vertex 618 2080 480
vertex 619 2112 512
vertex 620 2112 576
vertex 621 2144 576
vertex 622 2144 512
vertex 623 2176 608
vertex 624 2176 480
vertex 625 2240 608
vertex 626 2240 480
vertex 627 2272 640
vertex 628 2400 576
vertex 629 2272 448
vertex 630 2304 480
vertex 631 2240 672
vertex 632 2240 416
vertex 633 2400 448
vertex 634 2272 512
vertex 635 2432 416
vertex 636 2432 288
vertex 637 2240 384
vertex 638 2240 704
vertex 639 1664 768
vertex 640 2400 384
vertex 641 2400 320
vertex 642 2368 288
vertex 643 2400 256
vertex 644 2304 288
vertex 645 2272 320
vertex 646 2240 288
vertex 647 2272 256
vertex 648 2400 640
vertex 649 2368 608
vertex 650 2432 672
vertex 651 2432 800
vertex 652 2400 832
vertex 653 2272 832
vertex 654 2240 800
vertex 655 2272 768
vertex 656 2304 800
vertex 657 2368 800
vertex 658 2400 768
vertex 659 2400 704
vertex 660 4320 2304
vertex 661 4320 2144
vertex 662 4448 1664
vertex 663 4160 2592
vertex 664 4160 2464
vertex 665 4160 2304
vertex 666 4128 2272
vertex 667 4288 2144
vertex 668 3648 2624
vertex 669 4128 2432
vertex 670 3648 2432
vertex 671 4160 2624
vertex 672 3680 2464
vertex 673 3680 2592
vertex 674 4288 2464
vertex 675 4448 2304
vertex 676 4448 2144
vertex 677 4640 2592
vertex 678 4448 2464
vertex 679 4448 2624
vertex 680 4480 2592
vertex 681 4608 2752
vertex 682 5888 2464
vertex 683 4928 2592
vertex 684 4800 2624
vertex 685 4480 1664
vertex 686 4480 2272
vertex 687 4640 2752
vertex 688 4288 2432
vertex 689 4480 2432
vertex 690 4288 2592
vertex 691 4320 2592
vertex 692 4960 2624
vertex 693 4768 2624
vertex 694 4608 2624
vertex 695 4480 2112
vertex 696 4928 2752
vertex 697 4288 2752
vertex 698 4320 2752
vertex 699 4960 2432
vertex 700 4960 2464
vertex 701 4608 2464
vertex 702 1280 960
vertex 703 1344 960
vertex 704 5920 1056
vertex 705 5600 2592
vertex 706 1376 1056
vertex 707 1408 1088
vertex 708 1536 1056
vertex 709 1504 1088
vertex 710 1568 1088
vertex 711 1632 1088
vertex 712 1664 1120
vertex 713 1536 1120
vertex 714 1536 1184
vertex 715 1568 1216
vertex 716 1600 1152
vertex 717 1632 1184
vertex 718 1376 1120
vertex 719 1344 1088
vertex 720 1280 1088
vertex 721 1376 1184
vertex 722 1344 1216
vertex 723 1344 416
vertex 724 1376 384
vertex 725 1440 384
vertex 726 1472 352
vertex 727 1312 384
vertex 728 1152 288
vertex 729 1344 288
vertex 730 1376 256
vertex 731 1408 320
vertex 732 1440 288
vertex 733 1344 352
vertex 734 3520 752
vertex 735 3392 720
vertex 736 3536 688
vertex 737 3552 624
vertex 738 3552 544
vertex 739 3328 1248
vertex 740 3504 816
vertex 741 3456 1248
vertex 742 3488 880
vertex 743 5440 2304
vertex 744 5088 2144
vertex 745 5088 2272
vertex 746 5408 2144
vertex 747 3502 1118
vertex 748 3488 1118
vertex 749 3502 1138
vertex 750 3488 1056
vertex 751 5280 2464
vertex 752 5120 2464
vertex 753 5248 2432
vertex 754 3488 1138
vertex 755 3488 1184
vertex 756 5120 2304
vertex 757 4928 1184
vertex 758 5088 2592
vertex 759 5248 2272
vertex 760 4928 2144
vertex 761 5280 2304
vertex 762 5088 2432
vertex 763 3376 784
vertex 764 3344 912
vertex 765 4800 2272
vertex 766 4768 2144
vertex 767 -32 160
vertex 768 32 160
vertex 769 4768 2272
vertex 770 4608 2304
vertex 771 32 480
vertex 772 4160 1632
vertex 773 4000 2144
vertex 774 1152 704
vertex 775 1024 704
vertex 776 3520 2112
vertex 777 3648 2272
vertex 778 3408 512
vertex 779 3424 528
vertex 780 6112 1184
vertex 781 6080 1216
vertex 782 4448 1344
vertex 783 4448 1376
vertex 784 5440 1504
vertex 785 5408 1536
vertex 786 4800 1344
vertex 787 4928 1216
vertex 788 5728 1536
vertex 789 5440 1984
vertex 790 5440 1632
vertex 791 5568 1504
vertex 792 5728 1056
vertex 793 5568 1536
vertex 794 5760 1056
vertex 795 5728 2432
vertex 796 5728 2112
vertex 797 5600 2112
vertex 798 5600 1952
vertex 799 5568 1984
vertex 800 5408 1664
vertex 801 5440 1792
vertex 802 5408 1984
vertex 803 4800 1504
vertex 804 4960 1216
vertex 805 4768 1376
vertex 806 5408 2432
vertex 807 5440 2624
vertex 808 5248 2592
vertex 809 5408 2592
vertex 810 5440 2464
vertex 811 4928 1632
vertex 812 5248 1632
vertex 813 4960 1504
vertex 814 4928 1472
vertex 815 4800 1472
vertex 816 5408 1824
vertex 817 5088 1824
vertex 818 5280 1792
vertex 819 5568 1664
vertex 820 5600 1632
vertex 821 5728 1952
vertex 822 5728 2944
vertex 823 5728 1504
vertex 824 5600 1376
vertex 825 5600 1184
vertex 826 5728 2624
vertex 827 5248 2624
vertex 828 5760 2624
vertex 829 5728 2464
vertex 830 5280 1984
vertex 831 4928 1984
vertex 832 4960 1952
vertex 833 5280 1952
vertex 834 5088 1792
vertex 835 4960 1664
vertex 836 992 1088
vertex 837 960 1088
vertex 838 928 1056
vertex 839 1056 1216
vertex 840 1120 1184
vertex 841 1088 1152
vertex 842 1056 1088
vertex 843 1120 1088
vertex 844 1024 1120
vertex 845 1024 1184
vertex 846 928 1120
vertex 847 896 1088
vertex 848 832 1088
vertex 849 800 1120
vertex 850 832 1184
vertex 851 864 1152
vertex 852 896 1216
vertex 853 928 1184
vertex 854 800 1056
vertex 855 768 1024
vertex 856 800 992
vertex 857 832 1024
vertex 858 800 928
vertex 859 832 896
vertex 860 896 1024
vertex 861 928 992
vertex 862 896 928
vertex 863 864 960
vertex 864 3312 384
vertex 865 3376 384
vertex 866 4640 2432
vertex 867 4640 2304
vertex 868 1120 704
vertex 869 4320 1792
vertex 870 4320 1952
vertex 871 4288 1792
vertex 872 4288 1984
vertex 873 4448 1952
vertex 874 4800 1952
vertex 875 4640 2112
vertex 876 0 544
vertex 877 4480 1984
vertex 878 3376 512
vertex 879 3424 560
vertex 880 -576 1376
vertex 881 2752 608
vertex 882 2752 480
vertex 883 2624 736
vertex 884 2752 736
vertex 885 2880 608
vertex 886 2880 480
vertex 887 2752 352
vertex 888 2624 352
vertex 889 2656 512
vertex 890 2656 384
vertex 891 2720 384
vertex 892 2656 576
vertex 893 2720 576
vertex 894 2848 512
vertex 895 2848 576
vertex 896 2720 512
vertex 897 2720 704
vertex 898 2656 704
vertex 899 2624 864
vertex 900 2752 864
vertex 901 1568 640
vertex 902 4608 1632
vertex 903 1568 448
vertex 904 5088 1536
vertex 905 4640 1504
vertex 906 4608 1664
vertex 907 4640 1472
vertex 908 4288 1504
vertex 909 4320 1472
vertex 910 4160 2752
vertex 911 5280 1184
vertex 912 4320 1216
vertex 913 4768 1664
vertex 914 4768 1792
vertex 915 4768 1632
vertex 916 4768 1952
vertex 917 4800 1824
vertex 918 5440 2144
vertex 919 4768 2112
vertex 920 5440 1216
vertex 921 4928 864
vertex 922 5408 1216
vertex 923 5440 1056
vertex 924 5248 1184
vertex 925 5088 1216
vertex 926 5280 1536
vertex 927 2944 640
vertex 928 2816 640
vertex 929 2784 672
vertex 930 2784 864
vertex 931 2464 896
vertex 932 2432 864
vertex 933 2272 864
vertex 934 2240 896
vertex 935 2240 1024
vertex 936 2272 1056
vertex 937 2432 1056
vertex 938 2464 1024
vertex 939 2752 896
vertex 940 2912 992
vertex 941 2880 1024
vertex 942 2944 768
vertex 943 2912 800
vertex 944 5280 1344
vertex 945 5280 1376
vertex 946 5120 1184
vertex 947 5280 1504
vertex 948 3168 1056
vertex 949 2464 1248
vertex 950 2432 1152
vertex 951 2528 1312
vertex 952 2624 1344
vertex 953 2720 1344
vertex 954 2816 1312
vertex 955 2880 1248
vertex 956 2912 1152
vertex 957 2976 1088
vertex 958 3072 1056
vertex 959 2272 1152
vertex 960 3168 1184
vertex 961 3104 1184
vertex 962 2624 1472
vertex 963 2720 1472
vertex 964 2464 1440
vertex 965 2304 1312
vertex 966 2880 1440
vertex 967 3008 1344
vertex 968 2624 1312
vertex 969 2528 1280
vertex 970 2496 1248
vertex 971 2464 1152
vertex 972 2880 1088
vertex 973 2816 1280
vertex 974 2848 1248
vertex 975 2880 1152
vertex 976 2848 1056
vertex 977 2720 1312
vertex 978 3072 1216
vertex 979 2336 1344
vertex 980 2464 1088
vertex 981 2496 1056
vertex 982 3296 1184
vertex 983 3296 1056
vertex 984 3328 1216
vertex 985 3456 1216
vertex 986 3502 1184
vertex 987 3502 1056
vertex 988 3456 1024
vertex 989 3328 1024
vertex 990 3808 1216
vertex 991 3520 1504
vertex 992 3520 1216
vertex 993 5568 1344
vertex 994 3520 1472
vertex 995 3648 1472
vertex 996 3648 1344
vertex 997 3680 1344
vertex 998 3680 1504
vertex 999 3840 1184
vertex 1000 3808 1504
vertex 1001 3840 1504
vertex 1002 3968 1504
vertex 1003 3968 1184
vertex 1004 4000 1216
vertex 1005 4000 1504
vertex 1006 4128 1216
vertex 1007 4128 1632
vertex 1008 3648 1632
vertex 1009 3648 1664
vertex 1010 4128 1184
vertex 1011 4128 1056
vertex 1012 4160 1056
vertex 1013 3808 1664
vertex 1014 3808 1824
vertex 1015 3648 1792
vertex 1016 3680 1792
vertex 1017 3968 1824
vertex 1018 3968 1952
vertex 1019 3680 1952
vertex 1020 3648 1984
vertex 1021 4000 1984
vertex 1022 3840 1664
vertex 1023 3840 1792
vertex 1024 4000 1824
vertex 1025 4128 1824
vertex 1026 4160 1792
vertex 1027 4128 1984
vertex 1028 4160 1984
vertex 1029 3840 2112
vertex 1030 3840 2144
vertex 1031 3520 2144
vertex 1032 1056 704
line-count 1199
line 0 0 1 30 0 0 24 0 3072 0 -13
line 1 1 2 1 0 0 24 0 3072 0 0
line 2 2 3 30 0 0 24 0 3072 0 -13
line 3 3 4 1 0 0 24 0 3072 0 0
line 4 4 5 30 0 0 24 0 3072 0 -13
line 5 5 6 1 0 0 24 0 3072 0 0
line 6 6 7 30 0 0 24 0 3072 0 -13
line 7 7 0 1 2 0 0 0 5242885 0 0
line 8 31 25 62 0 0 24 0 3072 0 0
line 9 11 10 6 1 0 0 0 5242880 0 0
line 10 682 451 128 0 0 0 0 3072 0 0
line 11 12 11 6 1 0 0 0 5242880 0 0
line 12 10 13 6 1 0 0 0 5242880 0 0
line 13 30 31 62 0 0 24 0 3072 0 -13
line 14 8 9 62 2 0 0 0 5242885 0 0
line 15 7 9 2 0 0 8 0 7168 0 0
line 16 13 12 6 1 0 0 0 5242880 0 0
line 17 32 27 7 29 0 0 0 5242885 0 0
line 18 64 60 4 5 0 0 0 5242880 0 0
line 19 32 30 29 0 0 8 0 7168 0 0
line 20 9 19 62 0 0 24 0 3072 0 -13
line 21 19 18 62 0 0 24 0 3072 0 0
line 22 14 8 62 0 0 24 0 3072 0 -13
line 23 1019 1016 124 0 0 0 0 3072 0 0
line 24 20 23 37 62 0 0 0 5242880 0 0
line 25 21 20 37 62 0 0 0 5242880 0 0
line 26 675 770 125 0 0 0 0 3072 0 0
line 27 41 45 30 7 0 0 0 0 0 0
line 28 451 470 128 0 0 0 0 3072 0 0
line 29 29 27 29 0 0 8 0 7168 0 0
line 30 8 0 2 0 0 8 0 7168 0 0
line 31 28 29 62 0 0 24 0 3072 0 -13
line 32 29 30 62 29 0 0 0 5242885 0 0
line 33 18 22 62 0 0 24 0 3072 0 -13
line 34 42 36 30 7 0 0 0 0 0 0
line 35 32 42 30 7 0 0 0 0 0 0
line 36 45 40 30 7 0 0 0 0 0 0
line 37 25 35 62 0 0 24 0 3072 0 -7
line 38 35 15 62 0 0 24 0 3072 0 -7
line 39 27 37 30 0 0 24 0 3072 0 -13
line 40 37 38 7 3 0 0 0 5242885 0 0
line 41 38 39 30 0 0 24 0 3072 0 -13
line 42 39 40 7 29 0 0 0 5242885 0 0
line 43 40 41 30 0 0 24 0 3072 0 -13
line 44 41 36 7 3 0 0 0 5242885 0 0
line 45 36 32 30 0 0 24 0 3072 0 -13
line 46 42 43 8 7 0 56 0 2097152 0 0
line 47 43 44 8 7 0 56 0 2097152 0 0
line 48 44 45 8 7 0 56 0 2097152 0 0
line 49 45 42 8 7 0 56 0 2097152 0 0
line 50 41 47 3 0 0 8 0 7168 0 0
line 51 46 47 72 3 0 0 0 5242885 0 0
line 52 46 36 3 0 0 8 0 7168 0 0
line 53 39 49 29 0 0 8 0 7168 0 0
line 54 48 49 85 29 0 0 0 5242885 0 0
line 55 48 40 29 0 0 8 0 7168 0 0
line 56 37 51 3 0 0 8 0 7168 0 0
line 57 50 51 5 3 0 0 0 5242885 0 0
line 58 50 38 3 0 0 8 0 7168 0 0
line 59 80 62 4 5 0 0 0 5242880 0 0
line 60 62 59 4 5 0 0 0 5242880 0 19
line 61 771 24 37 62 0 0 0 5242880 0 0
line 62 68 72 4 5 0 0 0 5242880 0 -7
line 63 72 70 4 5 0 0 0 5242880 0 -7
line 64 70 75 4 5 0 0 0 5242880 0 -32
line 65 75 74 4 5 0 0 0 5242880 0 0
line 66 74 67 4 5 0 0 0 5242880 0 -32
line 67 67 64 4 5 0 0 0 5242880 0 19
line 68 330 489 148 0 0 0 0 3072 0 0
line 69 60 61 4 5 0 0 0 5242880 0 -7
line 70 61 63 4 5 0 0 0 5242880 0 -7
line 71 63 81 4 5 0 0 0 5242880 0 0
line 72 81 80 4 5 0 0 0 5242880 0 0
line 73 51 52 5 0 0 24 0 3072 0 -13
line 74 52 54 5 0 0 24 0 3072 0 0
line 75 54 55 5 0 0 24 0 3072 0 -13
line 76 55 69 5 0 0 24 0 3072 0 0
line 77 69 73 5 0 0 24 0 3072 0 -7
line 78 73 71 5 0 0 24 0 3072 0 -7
line 79 71 76 5 0 0 24 0 3072 0 0
line 80 76 78 5 0 0 24 0 3072 0 -13
line 81 78 79 5 9 0 0 0 5242885 0 0
line 82 79 77 5 0 0 24 0 3072 0 -13
line 83 77 66 5 0 0 24 0 3072 0 0
line 84 66 65 5 0 0 24 0 3072 0 -13
line 85 65 57 5 0 0 24 0 3072 0 0
line 86 57 58 5 0 0 24 0 3072 0 -7
line 87 58 56 5 0 0 24 0 3072 0 -7
line 88 56 53 5 0 0 24 0 3072 0 0
line 89 53 50 5 0 0 24 0 3072 0 -13
line 90 82 83 84 85 0 0 0 5242880 0 0
line 91 83 84 84 85 0 0 0 5242880 0 32
line 92 747 987 124 161 0 0 0 1048576 0 0
line 93 91 99 84 85 0 0 0 5242880 0 -7
line 94 99 97 84 85 0 0 0 5242880 0 -7
line 95 693 684 125 0 0 0 0 3072 0 0
line 96 102 105 84 85 0 0 0 5242880 0 19
line 97 105 114 84 85 0 0 0 5242880 0 0
line 98 114 112 84 85 0 0 0 5242880 0 0
line 99 112 107 84 85 0 0 0 5242880 0 0
line 100 107 109 84 85 0 0 0 5242880 0 -7
line 101 109 101 84 85 0 0 0 5242880 0 -7
line 102 16 693 125 0 0 0 0 3072 0 0
line 103 96 92 84 85 0 0 0 5242880 0 19
line 104 749 747 124 162 0 0 0 1048576 0 0
line 105 86 85 84 85 0 0 0 5242880 0 19
line 106 85 82 84 85 0 0 0 5242880 0 0
line 107 49 87 85 0 0 24 0 3072 0 -13
line 108 87 93 85 0 0 24 0 3072 0 0
line 109 93 100 85 0 0 24 0 3072 0 -7
line 110 100 98 85 0 0 24 0 3072 0 -7
line 111 98 103 85 0 0 24 0 3072 0 0
line 112 103 104 85 0 0 24 0 3072 0 -13
line 113 104 111 85 0 0 24 0 3072 0 0
line 114 111 113 85 0 0 24 0 3072 0 -13
line 115 113 115 85 9 0 0 0 5242885 0 0
line 116 115 116 85 0 0 24 0 3072 0 -13
line 117 116 108 85 0 0 24 0 3072 0 0
line 118 108 110 85 0 0 24 0 3072 0 -7
line 119 110 106 85 0 0 24 0 3072 0 -7
line 120 106 95 85 0 0 24 0 3072 0 0
line 121 95 94 85 0 0 24 0 3072 0 -13
line 122 94 90 85 0 0 24 0 3072 0 0
line 123 90 89 85 0 0 24 0 3072 0 -13
line 124 89 88 85 0 0 24 0 3072 0 0
line 125 88 48 85 0 0 24 0 3072 0 -13
line 126 78 117 9 0 0 8 0 7168 0 0
line 127 118 117 10 9 0 0 0 5242885 0 0
line 128 118 79 9 0 0 8 0 7168 0 0
line 129 113 119 9 0 0 8 0 7168 0 0
line 130 120 119 10 9 0 0 0 5242885 0 0
line 131 120 115 9 0 0 8 0 7168 0 0
line 132 117 121 30 0 0 24 0 3072 0 -13
line 133 121 122 10 14 0 24 0 3145731 0 0
line 134 142 141 13 0 0 24 0 3072 0 0
line 135 123 129 10 14 0 24 0 3145731 0 0
line 136 131 129 12 10 0 8 0 5242883 0 0
line 137 131 128 10 0 0 24 0 3072 0 0
line 138 128 118 30 0 0 24 0 3072 0 -13
line 139 119 127 30 0 0 24 0 3072 0 -13
line 140 127 132 10 0 0 24 0 3072 0 0
line 141 130 132 12 10 0 8 0 5242883 0 0
line 142 130 126 10 14 0 24 0 3145731 0 0
line 143 155 124 14 0 0 0 0 7168 0 0
line 144 125 124 10 14 0 24 0 3145731 0 0
line 145 124 120 30 0 0 24 0 3072 0 -13
line 146 133 134 11 10 0 0 0 5242880 0 0
line 147 134 135 11 10 0 0 0 5242880 0 0
line 148 135 136 11 10 0 0 0 5242880 0 0
line 149 136 133 11 10 0 0 0 5242880 0 0
line 150 137 138 11 10 0 0 0 5242880 0 0
line 151 138 139 11 10 0 0 0 5242880 0 0
line 152 139 140 11 10 0 0 0 5242880 0 0
line 153 140 137 11 10 0 0 0 5242880 0 0
line 154 129 143 12 0 0 24 0 3072 0 0
line 155 141 143 13 12 0 40 0 5242883 0 0
line 156 141 131 12 0 0 24 0 3072 0 0
line 157 143 144 13 0 0 24 0 3072 0 0
line 158 142 144 15 13 0 40 0 5242883 0 0
line 159 179 189 21 0 0 8 0 3072 0 0
line 160 191 180 21 0 0 8 0 3072 0 0
line 161 187 186 19 0 0 24 0 3072 0 0
line 162 121 145 14 0 0 0 0 7168 0 0
line 163 146 145 19 14 0 24 0 3145731 0 -4
line 164 148 147 19 14 0 24 0 3145731 0 -4
line 165 151 152 20 18 0 0 0 2097152 0 0
line 166 152 150 20 18 0 0 0 2097152 0 0
line 167 150 149 20 18 0 0 0 2097152 0 0
line 168 149 151 20 18 0 0 0 2097152 0 0
line 169 148 129 14 0 0 0 0 7168 0 0
line 170 130 157 14 0 0 0 0 7168 0 0
line 171 158 157 19 14 0 24 0 3145731 0 -4
line 172 188 187 19 0 0 24 0 3072 0 -13
line 173 184 148 19 0 0 24 0 3072 0 -1
line 174 190 188 19 0 0 24 0 3072 0 0
line 175 191 189 19 21 0 24 0 3145731 0 0
line 176 155 156 19 14 0 24 0 3145731 0 -4
line 177 185 184 19 0 0 24 0 3072 0 -8
line 178 186 185 19 0 0 24 0 3072 0 -13
line 179 189 190 19 0 0 24 0 3072 0 -13
line 180 144 167 15 0 0 24 0 3072 0 0
line 181 168 167 16 15 0 8 0 5242883 0 0
line 182 168 142 15 0 0 24 0 3072 0 0
line 183 167 170 16 0 0 24 0 3072 0 0
line 184 169 170 17 16 0 8 0 5242883 0 0
line 185 169 168 16 0 0 24 0 3072 0 0
line 186 170 175 17 0 0 24 0 3072 0 0
line 187 176 175 18 17 0 40 0 5242883 0 0
line 188 176 169 17 0 0 24 0 3072 0 0
line 189 132 161 12 0 0 24 0 3072 0 0
line 190 164 161 13 12 0 40 0 5242883 0 0
line 191 164 130 12 0 0 24 0 3072 0 0
line 192 161 162 13 0 0 24 0 3072 0 0
line 193 163 162 15 13 0 40 0 5242883 0 0
line 194 163 164 13 0 0 24 0 3072 0 0
line 195 162 165 15 0 0 24 0 3072 0 0
line 196 166 165 16 15 0 8 0 5242883 0 0
line 197 166 163 15 0 0 24 0 3072 0 0
line 198 165 172 16 0 0 24 0 3072 0 0
line 199 171 172 17 16 0 8 0 5242883 0 0
line 200 171 166 16 0 0 24 0 3072 0 0
line 201 172 173 17 0 0 24 0 3072 0 0
line 202 174 173 18 17 0 40 0 5242883 0 0
line 203 174 171 17 0 0 24 0 3072 0 0
line 204 173 178 32 0 0 24 0 3072 0 -13
line 205 178 177 18 34 0 24 0 3145733 5 0
line 206 177 176 32 0 0 24 0 3072 0 -13
line 207 175 179 32 0 0 24 0 3072 0 -13
line 208 179 180 18 21 0 40 0 3145731 0 0
line 209 180 174 32 0 0 24 0 3072 0 -13
line 210 154 159 19 0 0 24 0 3072 0 -13
line 211 159 153 19 0 0 24 0 3072 0 0
line 212 92 86 84 85 0 0 0 5242880 0 0
line 213 1000 1001 124 0 0 0 0 3072 0 0
line 214 181 182 19 0 0 24 0 3072 0 0
line 215 182 183 19 0 0 24 0 3072 0 -13
line 216 874 916 131 0 0 0 0 3072 0 0
line 217 157 160 19 0 0 24 0 3072 0 -1
line 218 160 196 19 0 0 24 0 3072 0 -8
line 219 196 195 19 0 0 24 0 3072 0 -13
line 220 195 194 19 0 0 24 0 3072 0 0
line 221 194 193 19 0 0 24 0 3072 0 -13
line 222 193 192 19 0 0 24 0 3072 0 0
line 223 192 191 19 0 0 24 0 3072 0 -13
line 224 126 125 30 14 0 24 0 3145731 0 -13
line 225 156 158 19 14 0 24 0 3145731 0 14
line 226 122 123 30 14 0 24 0 3145731 0 -13
line 227 147 146 19 14 0 24 0 3145731 0 14
line 228 47 198 72 0 0 24 0 3072 0 -13
line 229 701 16 125 0 0 0 0 3072 0 0
line 230 210 211 72 0 0 24 0 3072 0 -13
line 231 823 791 130 0 0 0 0 3072 0 0
line 232 231 234 73 72 0 0 0 5242880 0 -7
line 233 791 793 130 0 0 0 0 3072 0 0
line 234 212 213 72 0 0 24 0 3072 0 -13
line 235 213 226 72 0 0 24 0 3072 0 0
line 236 321 780 134 0 0 0 0 3072 0 0
line 237 225 214 72 0 0 24 0 3072 0 0
line 238 214 215 72 0 0 24 0 3072 0 -13
line 239 215 222 72 0 0 24 0 3072 0 0
line 240 768 771 37 62 0 0 0 5242880 0 0
line 241 221 209 72 0 0 24 0 3072 0 0
line 242 209 208 72 0 0 24 0 3072 0 -13
line 243 208 197 72 0 0 24 0 3072 0 0
line 244 197 46 72 0 0 24 0 3072 0 -13
line 245 202 201 73 72 0 0 0 5242880 0 19
line 246 201 199 73 72 0 0 0 5242880 0 -64
line 247 199 200 73 72 0 0 0 5242880 0 0
line 248 770 701 125 0 0 0 0 3072 0 0
line 249 203 204 73 72 0 0 0 5242880 0 19
line 250 821 798 130 0 0 0 0 3072 0 0
line 251 234 224 73 72 0 0 0 5242880 0 -7
line 252 473 272 136 0 0 0 0 3072 0 0
line 253 205 206 73 72 0 0 0 5242880 0 19
line 254 206 228 73 72 0 0 0 5242880 0 0
line 255 438 759 126 0 0 0 0 3072 0 0
line 256 227 207 73 72 0 0 0 5242880 0 -32
line 257 207 216 73 72 0 0 0 5242880 0 19
line 258 684 315 126 0 0 0 0 3072 0 0
line 259 222 229 72 0 0 24 0 3072 0 -13
line 260 229 238 72 0 0 24 0 3072 0 0
line 261 238 244 72 0 0 24 0 3072 0 -13
line 262 287 277 24 0 0 8 0 7168 0 0
line 263 242 245 72 0 0 24 0 3072 0 0
line 264 784 947 130 0 0 0 0 3072 0 0
line 265 248 239 72 0 0 24 0 3072 0 0
line 266 239 237 72 0 0 24 0 3072 0 -13
line 267 237 232 72 0 0 24 0 3072 0 0
line 268 232 233 72 0 0 24 0 3072 0 -7
line 269 233 221 72 0 0 24 0 3072 0 -7
line 270 223 230 73 72 0 0 0 5242880 0 19
line 271 767 768 37 62 0 0 0 5242880 0 0
line 272 235 243 73 72 0 0 0 5242880 0 19
line 273 287 286 41 24 0 0 0 5242885 0 0
line 274 241 246 73 72 0 0 0 5242880 0 -32
line 275 246 247 73 72 0 0 0 5242880 0 0
line 276 247 240 73 72 0 0 0 5242880 0 -32
line 277 240 236 73 72 0 0 0 5242880 0 19
line 278 876 331 37 62 0 0 0 5242880 0 0
line 279 810 829 128 0 0 0 0 3072 0 0
line 280 558 702 39 0 0 24 0 7168 0 0
line 281 560 309 57 0 0 24 0 3072 0 -13
line 282 309 306 57 0 0 24 0 3072 0 0
line 283 306 308 57 0 0 24 0 3072 0 -13
line 284 308 307 57 0 0 24 0 3072 0 0
line 285 474 321 134 0 0 0 0 3072 0 0
line 286 713 710 56 59 0 0 0 5242880 0 19
line 287 790 784 130 0 0 0 0 3072 0 0
line 288 759 753 126 0 0 0 0 3072 0 0
line 289 998 997 124 0 0 0 0 3072 0 0
line 290 780 781 134 0 0 0 0 3072 0 0
line 291 826 828 128 0 0 0 0 3072 0 0
line 292 820 790 130 0 0 0 0 3072 0 0
line 293 798 820 130 0 0 0 0 3072 0 0
line 294 703 322 39 0 0 24 0 7168 0 0
line 295 267 561 54 57 0 0 0 5242880 0 19
line 296 702 703 39 0 0 0 0 0 5242885 0
line 297 559 262 54 57 0 0 0 5242880 0 19
line 298 985 984 133 158 0 0 0 1 0 0
line 299 989 988 133 155 0 0 0 1 0 0
line 300 1001 999 124 0 0 0 0 3072 0 0
line 301 718 713 56 59 0 0 0 5242880 0 32
line 302 992 990 124 0 0 0 0 3072 0 0
line 303 984 982 133 0 0 0 0 3072 0 0
line 304 781 271 134 0 0 0 0 3072 0 0
line 305 307 290 57 0 0 24 0 3072 0 -13
line 306 471 922 130 0 0 0 0 3072 0 0
line 307 1012 467 129 0 0 0 0 3072 0 0
line 308 457 459 131 0 0 0 0 3072 0 0
line 309 226 279 72 0 0 24 0 3072 0 -13
line 310 279 280 72 23 0 0 0 5242885 0 0
line 311 280 281 72 0 0 24 0 3072 0 -13
line 312 281 282 72 0 0 24 0 3072 0 0
line 313 282 225 72 0 0 24 0 3072 0 -13
line 314 228 285 73 72 0 0 0 5242880 0 32
line 315 285 284 73 72 0 0 0 5242880 0 0
line 316 284 283 73 72 0 0 0 5242880 0 0
line 317 283 227 73 72 0 0 0 5242880 0 19
line 318 279 289 23 0 0 8 0 7168 0 0
line 319 288 289 28 23 0 0 0 5242885 0 0
line 320 288 280 23 0 0 8 0 7168 0 0
line 321 245 278 72 0 0 24 0 3072 0 -13
line 322 278 277 72 24 0 0 0 5242885 0 0
line 323 277 248 72 0 0 24 0 3072 0 -13
line 324 278 286 24 0 0 8 0 7168 0 0
line 325 243 295 73 72 0 0 0 5242880 0 0
line 326 295 296 73 72 0 0 0 5242880 0 19
line 327 296 297 73 72 0 0 0 5242880 0 0
line 328 297 241 73 72 0 0 0 5242880 0 19
line 329 244 294 72 0 0 24 0 3072 0 0
line 330 294 293 72 0 0 24 0 3072 0 -13
line 331 293 292 72 0 0 24 0 3072 0 0
line 332 292 242 72 0 0 24 0 3072 0 -13
line 333 298 299 27 73 0 0 0 2097152 5 0
line 334 299 300 27 73 0 0 0 2097152 5 0
line 335 300 301 27 73 0 0 0 2097152 5 0
line 336 301 298 27 73 0 0 0 2097152 5 0
line 337 302 303 27 73 0 0 0 2097152 5 0
line 338 303 305 27 73 0 0 0 2097152 5 0
line 339 305 304 27 73 0 0 0 2097152 5 0
line 340 304 302 27 73 0 0 0 2097152 5 0
line 341 268 264 54 57 0 0 0 5242880 0 19
line 342 262 270 54 57 0 0 0 5242880 0 0
line 343 270 269 54 57 0 0 0 5242880 0 19
line 344 269 268 54 57 0 0 0 5242880 0 0
line 345 551 552 51 49 0 0 0 2097152 0 0
line 346 530 531 52 50 0 0 0 5242885 0 0
line 347 314 313 49 0 0 24 0 3072 0 -13
line 348 313 312 49 0 0 24 0 3072 0 0
line 349 312 311 49 0 0 24 0 3072 0 -13
line 350 530 526 50 0 0 24 0 7168 0 0
line 351 310 550 51 49 0 0 0 2097152 0 0
line 352 3 12 30 1 0 0 0 0 0 0
line 353 12 2 30 1 0 0 0 0 0 0
line 354 1 13 30 1 0 0 0 0 0 0
line 355 13 0 30 1 0 0 0 0 0 0
line 356 7 10 30 1 0 0 0 0 0 0
line 357 10 6 30 1 0 0 0 0 0 0
line 358 5 11 30 1 0 0 0 0 0 0
line 359 11 4 30 1 0 0 0 0 0 0
line 360 595 608 60 0 0 8 0 3072 0 -13
line 361 585 593 60 0 0 8 0 3072 0 -13
line 362 615 614 55 58 0 0 0 5242880 0 0
line 363 592 615 55 58 0 0 0 5242880 0 0
line 364 629 632 60 0 0 8 0 3072 0 -13
line 365 635 633 60 0 0 8 0 3072 0 -13
line 366 648 650 60 0 0 8 0 3072 0 -13
line 367 631 627 60 0 0 8 0 3072 0 -13
line 368 591 581 60 0 0 8 0 3072 0 -13
line 369 612 596 60 0 0 8 0 3072 0 -13
line 370 37 43 30 7 0 0 0 0 0 0
line 371 43 27 30 7 0 0 0 0 0 0
line 372 39 44 30 7 0 0 0 0 0 0
line 373 44 38 30 7 0 0 0 0 0 0
line 374 22 28 62 0 0 24 0 3072 0 0
line 375 15 14 62 0 0 24 0 3072 0 0
line 376 734 740 150 0 0 0 0 3072 0 0
line 377 752 751 128 0 0 0 0 3072 0 0
line 378 436 752 128 0 0 0 0 3072 0 0
line 379 692 436 128 0 0 0 0 3072 0 0
line 380 764 328 152 0 0 0 0 3072 0 0
line 381 733 317 54 57 0 0 0 5242880 0 0
line 382 724 733 54 57 0 0 0 5242880 0 19
line 383 23 876 37 62 0 0 0 5242880 0 0
line 384 317 258 54 57 0 0 0 5242880 0 19
line 385 327 318 153 0 0 0 0 3072 0 0
line 386 748 754 133 162 0 0 0 0 0 0
line 387 735 330 149 0 0 0 0 3072 0 0
line 388 879 779 147 0 0 0 0 3072 0 0
line 389 741 739 158 0 0 0 0 3072 0 0
line 390 777 250 125 0 0 0 0 3072 0 0
line 391 251 777 125 0 0 0 0 3072 0 0
line 392 1029 776 124 0 0 0 0 3072 0 0
line 393 255 251 125 0 0 0 0 3072 0 0
line 394 983 989 133 0 0 0 0 3072 0 0
line 395 996 995 124 0 0 0 0 3072 0 0
line 396 995 994 124 0 0 0 0 3072 0 0
line 397 994 992 124 0 0 0 0 3072 0 0
line 398 329 326 127 0 0 0 0 3072 0 0
line 399 866 867 126 0 0 0 0 3072 0 0
line 400 766 769 127 0 0 0 0 3072 0 0
line 401 326 766 127 0 0 0 0 3072 0 0
line 402 127 137 30 10 0 0 0 0 0 0
line 403 137 119 30 10 0 0 0 0 0 0
line 404 120 140 30 10 0 0 0 0 0 0
line 405 140 124 30 10 0 0 0 0 0 0
line 406 125 139 30 10 0 0 0 0 0 0
line 407 139 126 30 10 0 0 0 0 0 0
line 408 123 134 30 10 0 0 0 0 0 0
line 409 134 122 30 10 0 0 0 0 0 0
line 410 121 133 30 10 0 0 0 0 0 0
line 411 133 117 30 10 0 0 0 0 0 0
line 412 118 136 30 10 0 0 0 0 0 0
line 413 136 128 30 10 0 0 0 0 0 0
line 414 176 150 32 18 0 0 0 0 0 0
line 415 150 177 32 18 0 0 0 0 0 0
line 416 178 152 32 18 0 0 0 0 0 0
line 417 152 173 32 18 0 0 0 0 0 0
line 418 179 149 32 18 0 0 0 0 0 0
line 419 149 175 32 18 0 0 0 0 0 0
line 420 174 151 32 18 0 0 0 0 0 0
line 421 151 180 32 18 0 0 0 0 0 0
line 422 740 742 151 0 0 0 0 3072 0 0
line 423 446 440 143 0 0 0 0 3072 0 0
line 424 466 485 129 0 0 0 0 3072 0 0
line 425 797 457 131 0 0 0 0 3072 0 0
line 426 689 688 125 0 0 0 0 3072 0 0
line 427 680 689 125 0 0 0 0 3072 0 0
line 428 738 879 147 154 0 24 0 1 1048576 0
line 429 331 767 37 62 0 0 0 5242880 0 0
line 430 736 734 149 0 0 0 0 3072 0 0
line 431 731 725 54 57 0 0 0 5242880 0 -7
line 432 677 680 125 0 0 0 0 3072 0 0
line 433 686 695 127 0 0 0 0 3072 0 0
line 434 482 443 140 0 0 0 0 3072 0 0
line 435 442 441 142 0 0 0 0 3072 0 0
line 436 483 444 140 0 0 0 0 3072 0 0
line 437 444 442 141 0 0 0 0 3072 0 0
line 438 441 440 142 143 0 24 0 1 1048576 0
line 439 443 486 139 0 0 0 0 3072 0 0
line 440 445 482 141 0 0 0 0 3072 0 0
line 441 442 445 141 142 0 24 0 1 1048576 0
line 442 480 481 52 35 0 0 0 5242885 0 0
line 443 460 481 35 0 0 24 0 7168 0 0
line 444 453 450 132 0 0 0 0 3072 0 0
line 445 478 479 36 0 0 24 0 3072 0 0
line 446 470 472 136 0 0 0 0 3072 0 0
line 447 332 452 132 0 0 0 0 3072 0 0
line 448 1030 1029 125 0 0 0 0 3072 0 0
line 449 776 991 124 0 0 0 0 3072 0 0
line 450 999 986 124 0 0 0 0 3072 0 0
line 451 729 731 54 57 0 0 0 5242880 0 -7
line 452 472 324 136 0 0 0 0 3072 0 0
line 453 1020 447 124 0 0 0 0 3072 0 0
line 454 485 924 129 130 0 0 0 0 0 0
line 455 461 460 35 0 0 24 0 3072 0 0
line 456 710 564 56 59 0 0 0 5242880 0 32
line 457 986 755 161 0 0 0 0 3072 0 0
line 458 875 437 131 0 0 0 0 3072 0 0
line 459 327 764 152 153 0 24 0 1 1048576 0
line 460 263 773 125 0 0 0 0 3072 0 0
line 461 873 870 127 0 0 0 0 3072 0 0
line 462 335 155 19 0 0 24 0 3072 0 8
line 463 153 335 19 0 0 24 0 3072 0 6
line 464 778 878 145 0 0 0 0 3072 0 0
line 465 1031 1030 125 0 0 0 0 3072 0 0
line 466 886 17 137 0 0 0 0 3072 0 0
line 467 487 885 137 0 0 0 0 3072 0 0
line 468 145 381 19 0 0 24 0 3072 0 8
line 469 381 181 19 0 0 24 0 3072 0 -13
line 470 183 382 19 0 0 24 0 3072 0 0
line 471 382 383 19 0 0 24 0 3072 0 -13
line 472 383 339 19 0 0 24 0 3072 0 0
line 473 339 338 19 0 0 24 0 3072 0 -13
line 474 338 154 19 0 0 24 0 3072 0 0
line 475 389 340 19 33 0 24 0 1 5242880 32
line 476 337 388 19 33 0 24 0 1 5242880 32
line 477 340 337 19 33 0 24 0 1 5242880 32
line 478 388 389 19 33 0 24 0 1 5242880 32
line 479 341 344 19 33 0 24 0 1 5242880 32
line 480 344 343 19 33 0 24 0 1 5242880 32
line 481 343 342 19 33 0 24 0 1 5242880 32
line 482 342 341 19 33 0 24 0 1 5242880 32
line 483 349 352 19 33 0 24 0 1 5242880 32
line 484 352 351 19 33 0 24 0 1 5242880 32
line 485 351 350 19 33 0 24 0 1 5242880 32
line 486 350 349 19 33 0 24 0 1 5242880 32
line 487 345 346 19 33 0 24 0 1 5242880 32
line 488 346 347 19 33 0 24 0 1 5242880 32
line 489 347 348 19 33 0 24 0 1 5242880 32
line 490 348 345 19 33 0 24 0 1 5242880 32
line 491 353 354 19 33 0 24 0 1 5242880 32
line 492 354 355 19 33 0 24 0 1 5242880 32
line 493 355 356 19 33 0 24 0 1 5242880 32
line 494 356 353 19 33 0 24 0 1 5242880 32
line 495 357 358 19 33 0 24 0 1 5242880 32
line 496 358 359 19 33 0 24 0 1 5242880 32
line 497 359 360 19 33 0 24 0 1 5242880 32
line 498 360 357 19 33 0 24 0 1 5242880 32
line 499 361 362 19 33 0 24 0 1 5242880 32
line 500 362 364 19 33 0 24 0 1 5242880 32
line 501 364 363 19 33 0 24 0 1 5242880 32
line 502 363 361 19 33 0 24 0 1 5242880 32
line 503 365 366 19 33 0 24 0 1 5242880 32
line 504 366 367 19 33 0 24 0 1 5242880 32
line 505 367 368 19 33 0 24 0 1 5242880 32
line 506 368 365 19 33 0 24 0 1 5242880 32
line 507 373 374 19 33 0 24 0 1 5242880 32
line 508 374 375 19 33 0 24 0 1 5242880 32
line 509 375 376 19 33 0 24 0 1 5242880 32
line 510 376 373 19 33 0 24 0 1 5242880 32
line 511 377 378 19 33 0 24 0 1 5242880 32
line 512 378 380 19 33 0 24 0 1 5242880 32
line 513 380 379 19 33 0 24 0 1 5242880 32
line 514 379 377 19 33 0 24 0 1 5242880 32
line 515 370 369 19 33 0 24 0 1 5242880 32
line 516 369 372 19 33 0 24 0 1 5242880 32
line 517 372 371 19 33 0 24 0 1 5242880 32
line 518 371 370 19 33 0 24 0 1 5242880 32
line 519 384 387 19 33 0 24 0 1 5242880 32
line 520 387 386 19 33 0 24 0 1 5242880 32
line 521 386 385 19 33 0 24 0 1 5242880 32
line 522 385 384 19 33 0 24 0 1 5242880 32
line 523 390 393 19 33 0 24 0 1 5242880 32
line 524 393 392 19 33 0 24 0 1 5242880 32
line 525 392 391 19 33 0 24 0 1 5242880 32
line 526 391 390 19 33 0 24 0 1 5242880 32
line 527 394 397 19 33 0 24 0 1 5242880 32
line 528 397 396 19 33 0 24 0 1 5242880 32
line 529 396 395 19 33 0 24 0 1 5242880 32
line 530 395 394 19 33 0 24 0 1 5242880 32
line 531 398 401 19 33 0 24 0 1 5242880 32
line 532 401 400 19 33 0 24 0 1 5242880 32
line 533 400 399 19 33 0 24 0 1 5242880 32
line 534 399 398 19 33 0 24 0 1 5242880 32
line 535 402 405 19 33 0 24 0 1 5242880 32
line 536 405 403 19 33 0 24 0 1 5242880 32
line 537 403 404 19 33 0 24 0 1 5242880 32
line 538 404 402 19 33 0 24 0 1 5242880 32
line 539 407 408 19 33 0 24 0 1 5242880 32
line 540 408 409 19 33 0 24 0 1 5242880 32
line 541 409 406 19 33 0 24 0 1 5242880 32
line 542 406 407 19 33 0 24 0 1 5242880 32
line 543 410 411 19 33 0 24 0 1 5242880 32
line 544 411 413 19 33 0 24 0 1 5242880 32
line 545 413 412 19 33 0 24 0 1 5242880 32
line 546 412 410 19 33 0 24 0 1 5242880 32
line 547 414 415 19 33 0 24 0 1 5242880 32
line 548 415 416 19 33 0 24 0 1 5242880 32
line 549 416 417 19 33 0 24 0 1 5242880 32
line 550 417 414 19 33 0 24 0 1 5242880 32
line 551 418 419 19 33 0 24 0 1 5242880 32
line 552 419 421 19 33 0 24 0 1 5242880 32
line 553 421 420 19 33 0 24 0 1 5242880 32
line 554 420 418 19 33 0 24 0 1 5242880 32
line 555 424 425 19 33 0 24 0 1 5242880 32
line 556 425 423 19 33 0 24 0 1 5242880 32
line 557 423 422 19 33 0 24 0 1 5242880 32
line 558 422 424 19 33 0 24 0 1 5242880 32
line 559 428 429 19 33 0 24 0 1 5242880 32
line 560 429 427 19 33 0 24 0 1 5242880 32
line 561 427 426 19 33 0 24 0 1 5242880 32
line 562 426 428 19 33 0 24 0 1 5242880 32
line 563 432 433 19 33 0 24 0 1 5242880 32
line 564 433 431 19 33 0 24 0 1 5242880 32
line 565 431 430 19 33 0 24 0 1 5242880 32
line 566 430 432 19 33 0 24 0 1 5242880 32
line 567 178 435 34 0 0 24 0 7168 0 0
line 568 435 434 34 0 0 24 0 3072 0 0
line 569 434 177 34 0 0 24 0 7168 0 0
line 570 444 482 140 141 0 24 0 1 1048576 0
line 571 479 449 36 0 0 24 0 7168 0 0
line 572 480 461 35 0 0 24 0 7168 0 0
line 573 483 443 139 140 0 24 0 1 1048576 0
line 574 488 486 138 139 0 24 0 1 1048576 0
line 575 440 445 142 0 0 0 0 3072 0 0
line 576 441 864 143 0 0 0 0 3072 0 0
line 577 990 1000 124 0 0 0 0 3072 0 0
line 578 437 917 131 0 0 0 0 3072 0 0
line 579 17 487 137 138 0 24 0 1 1048576 0
line 580 447 1021 127 0 0 0 0 3072 0 0
line 581 447 255 124 127 0 0 0 0 0 0
line 582 324 822 136 0 0 0 0 3072 0 0
line 583 470 272 128 136 0 0 0 1048576 0 0
line 584 799 453 132 0 0 0 0 3072 0 0
line 585 555 332 132 0 0 0 0 3072 0 0
line 586 276 682 128 0 0 0 0 3072 0 0
line 587 910 455 125 0 0 0 0 3072 0 0
line 588 946 757 129 0 0 0 0 3072 0 0
line 589 485 471 130 0 0 0 0 3072 0 0
line 590 467 465 135 0 0 0 0 3072 0 0
line 591 488 483 139 0 0 0 0 3072 0 0
line 592 448 478 36 0 0 24 0 7168 0 0
line 593 448 449 40 36 0 0 0 3145733 0 0
line 594 486 487 138 0 0 0 0 3072 0 0
line 595 17 488 138 0 0 0 0 3072 0 0
line 596 450 794 132 0 0 0 0 3072 0 0
line 597 697 910 125 0 0 0 0 3072 0 0
line 598 455 462 125 0 0 0 0 3072 0 0
line 599 449 492 40 0 0 8 0 3072 0 -13
line 600 492 494 40 0 0 8 0 3072 0 0
line 601 495 497 41 0 0 8 0 3072 0 -7
line 602 491 287 41 0 0 8 0 3072 0 -13
line 603 494 495 41 0 0 8 0 3072 0 -3
line 604 504 501 40 91 0 8 0 3 0 -13
line 605 493 491 41 0 0 8 0 3072 0 0
line 606 509 510 48 47 0 32 0 3 0 -7
line 607 512 515 47 46 0 0 0 3 0 -7
line 608 286 499 41 0 0 8 0 3072 0 -13
line 609 792 823 130 0 0 0 0 3072 0 0
line 610 500 501 91 0 0 8 0 3072 0 -13
line 611 501 525 40 0 0 8 0 3072 0 0
line 612 525 524 40 0 0 8 0 3072 0 -13
line 613 524 523 40 0 0 8 0 14336 0 0
line 614 523 522 40 0 0 8 0 14336 0 19
line 615 522 521 40 0 0 8 0 14336 0 0
line 616 521 520 40 0 0 8 0 3072 0 -13
line 617 520 498 40 0 0 8 0 3072 0 0
line 618 498 448 40 0 0 8 0 3072 0 -13
line 619 507 508 40 48 0 0 0 5 5242880 0
line 620 509 507 40 48 0 0 0 5 5242880 0
line 621 512 509 40 47 0 8 0 3 5242880 27
line 622 512 519 46 41 0 8 0 5242883 0 -7
line 623 519 518 45 41 0 8 0 5242883 0 19
line 624 518 513 44 41 0 8 0 5242883 0 -7
line 625 513 505 43 41 0 8 0 5242883 0 27
line 626 505 502 42 41 0 0 0 5242885 0 32
line 627 502 511 42 41 0 0 0 5242885 0 32
line 628 511 496 42 41 0 0 0 5242885 0 0
line 629 496 503 42 41 0 0 0 5242885 0 0
line 630 503 504 42 91 0 0 0 5242885 0 19
line 631 506 504 40 42 0 8 0 3 5242880 0
line 632 514 506 40 43 0 8 0 3 5242880 27
line 633 517 514 40 44 0 8 0 3 5242880 -7
line 634 516 517 40 45 0 8 0 3 5242880 -26
line 635 515 516 40 46 0 8 0 3 5242880 -7
line 636 510 515 40 47 0 8 0 3 5242880 27
line 637 508 510 40 48 0 0 0 5 5242880 0
line 638 505 506 43 42 0 0 0 3 0 -7
line 639 513 514 44 43 0 32 0 3 0 -7
line 640 518 517 45 44 0 16 0 3 0 -7
line 641 519 516 46 45 0 0 0 3 0 -7
line 642 497 493 41 0 0 8 0 3072 0 -3
line 643 494 512 40 41 0 8 0 3 0 0
line 644 311 531 50 0 0 24 0 7168 0 0
line 645 311 526 49 50 0 24 0 3145733 0 0
line 646 554 553 28 23 0 0 0 5242885 0 0
line 647 527 528 49 23 0 24 0 5242883 0 0
line 648 554 528 23 0 0 8 0 7168 0 0
line 649 529 314 49 0 0 24 0 3072 0 0
line 650 552 310 51 49 0 0 0 2097152 0 0
line 651 550 551 51 49 0 0 0 2097152 0 0
line 652 531 537 52 0 0 8 0 3072 0 -13
line 653 537 538 52 0 0 8 0 3072 0 0
line 654 538 539 52 0 0 8 0 3072 0 -13
line 655 539 536 52 0 0 8 0 3072 0 0
line 656 536 535 52 0 0 8 0 3072 0 -13
line 657 535 534 52 0 0 8 0 3072 0 0
line 658 534 480 52 0 0 8 0 3072 0 -13
line 659 481 533 52 0 0 8 0 3072 0 -13
line 660 533 532 52 0 0 8 0 3072 0 0
line 661 532 530 52 0 0 8 0 3072 0 -13
line 662 549 546 53 52 0 0 0 5242880 0 0
line 663 546 545 53 52 0 0 0 5242880 0 19
line 664 545 544 53 52 0 0 0 5242880 0 0
line 665 544 543 53 52 0 0 0 5242880 0 19
line 666 543 540 53 52 0 0 0 5242880 0 0
line 667 540 541 53 52 0 0 0 5242880 0 0
line 668 541 542 53 52 0 0 0 5242880 0 32
line 669 542 547 53 52 0 0 0 5242880 0 0
line 670 547 548 53 52 0 0 0 5242880 0 32
line 671 548 549 53 52 0 0 0 5242880 0 0
line 672 527 553 23 0 0 8 0 7168 0 0
line 673 553 288 28 0 0 24 0 3072 0 0
line 674 289 554 28 0 0 24 0 3072 0 0
line 675 526 527 49 0 0 24 0 3072 0 -13
line 676 528 529 49 0 0 24 0 3072 0 -13
line 677 690 697 125 0 0 0 0 3072 0 0
line 678 683 696 126 0 0 0 0 3072 0 0
line 679 563 565 59 0 0 8 0 3072 0 -13
line 680 817 816 131 0 0 0 0 3072 0 0
line 681 580 568 59 0 0 8 0 3072 0 -7
line 682 568 579 59 0 0 8 0 3072 0 -7
line 683 640 637 56 60 32 8 0 5242880 10485760 0
line 684 625 623 58 0 0 24 0 3072 0 0
line 685 97 102 84 85 0 0 0 5242880 0 0
line 686 581 582 60 59 0 8 0 3145728 0 0
line 687 581 576 59 0 0 8 0 3072 0 0
line 688 576 575 59 0 0 8 0 3072 0 -13
line 689 220 254 131 0 0 0 0 3072 0 0
line 690 572 570 59 0 0 8 0 3072 0 -13
line 691 570 585 59 0 0 8 0 3072 0 0
line 692 586 585 60 59 0 8 0 3145728 0 0
line 693 569 586 56 59 0 0 0 5242880 0 0
line 694 623 621 58 0 0 24 0 3072 0 -13
line 695 84 91 84 85 0 0 0 5242880 0 0
line 696 101 96 84 85 0 0 0 5242880 0 0
line 697 24 21 37 62 0 0 0 5242880 0 0
line 698 660 661 125 0 0 0 0 3072 0 0
line 699 564 566 56 59 0 0 0 5242880 0 19
line 700 834 817 131 0 0 0 0 3072 0 0
line 701 573 567 56 59 0 0 0 5242880 0 -7
line 702 567 578 56 59 0 0 0 5242880 0 -7
line 703 638 659 56 60 0 8 0 5242880 10485760 0
line 704 582 577 56 59 0 0 0 5242880 0 0
line 705 577 574 56 59 0 0 0 5242880 0 19
line 706 254 834 131 0 0 0 0 3072 0 0
line 707 835 220 131 0 0 0 0 3072 0 0
line 708 799 797 131 132 0 0 0 0 0 0
line 709 561 606 54 57 0 0 0 5242880 0 0
line 710 606 605 54 57 0 0 0 5242880 0 19
line 711 605 604 54 57 0 0 0 5242880 0 0
line 712 604 603 54 57 0 0 0 5242880 0 19
line 713 603 602 54 57 0 0 0 5242880 0 0
line 714 602 601 54 57 0 0 0 5242880 0 19
line 715 601 600 54 57 0 0 0 5242880 0 0
line 716 600 599 54 57 0 0 0 5242880 0 19
line 717 599 559 54 57 0 0 0 5242880 0 0
line 718 291 562 57 0 0 24 0 3072 0 -13
line 719 562 590 57 0 0 24 0 3072 0 0
line 720 590 591 57 0 0 24 0 3072 0 -13
line 721 596 591 60 57 0 24 0 10 3145728 0
line 722 596 597 57 0 0 24 0 3072 0 -13
line 723 597 618 57 0 0 24 0 3072 0 0
line 724 618 619 57 0 0 24 0 3072 0 -13
line 725 619 620 57 61 0 0 0 5242885 0 0
line 726 620 617 57 0 0 24 0 3072 0 -13
line 727 617 598 57 0 0 24 0 3072 0 0
line 728 598 595 57 0 0 24 0 3072 0 -13
line 729 593 595 60 57 0 24 0 10 3145728 0
line 730 593 589 57 0 0 24 0 3072 0 -13
line 731 589 560 57 0 0 24 0 3072 0 0
line 732 476 921 135 0 0 0 0 3072 0 0
line 733 650 659 60 59 0 8 0 3145728 0 -13
line 734 638 631 60 59 0 8 0 3145728 0 0
line 735 645 644 56 59 0 0 0 5242880 0 19
line 736 644 642 56 59 0 0 0 5242880 0 0
line 737 642 641 56 59 0 0 0 5242880 0 19
line 738 641 640 56 59 0 0 0 5242880 0 0
line 739 649 607 55 58 0 0 0 5242880 0 0
line 740 655 639 56 59 0 0 0 5242880 0 32
line 741 607 594 55 58 0 0 0 5242880 0 19
line 742 637 613 56 59 0 0 0 5242880 0 32
line 743 613 582 56 60 0 8 0 5242880 10485760 0
line 744 586 609 56 60 0 8 0 5242880 10485760 0
line 745 609 638 56 59 0 0 0 5242880 0 32
line 746 34 588 59 0 0 8 0 3072 0 -13
line 747 654 34 59 0 0 8 0 3072 0 0
line 748 639 587 56 59 0 0 0 5242880 0 19
line 749 659 658 56 59 0 0 0 5242880 0 0
line 750 658 657 56 59 0 0 0 5242880 0 19
line 751 657 656 56 59 0 0 0 5242880 0 0
line 752 656 655 56 59 0 0 0 5242880 0 19
line 753 578 645 56 59 0 0 0 5242880 0 0
line 754 579 646 59 0 0 8 0 3072 0 0
line 755 633 616 58 0 0 24 0 3072 0 -13
line 756 633 629 60 58 0 24 0 10 3145728 0
line 757 626 629 58 0 0 24 0 3072 0 -13
line 758 613 612 60 59 0 8 0 3145728 0 0
line 759 650 651 59 0 0 8 0 3072 0 0
line 760 651 652 59 0 0 8 0 3072 0 -13
line 761 652 653 59 0 0 8 0 3072 0 0
line 762 653 654 59 0 0 8 0 3072 0 -13
line 763 628 649 55 58 0 0 0 5242880 0 19
line 764 614 628 55 58 0 0 0 5242880 0 0
line 765 640 635 60 59 0 8 0 3145728 0 -13
line 766 632 637 60 59 0 8 0 3145728 0 0
line 767 646 647 59 0 0 8 0 3072 0 -13
line 768 647 643 59 0 0 8 0 3072 0 0
line 769 643 636 59 0 0 8 0 3072 0 -13
line 770 636 635 59 0 0 8 0 3072 0 0
line 771 616 584 58 0 0 24 0 3072 0 0
line 772 583 610 58 0 0 24 0 3072 0 0
line 773 584 583 58 92 0 24 0 1048577 0 0
line 774 632 612 59 0 0 8 0 3072 0 0
line 775 610 648 58 0 0 24 0 3072 0 -13
line 776 594 634 55 58 0 0 0 5242880 0 0
line 777 627 648 60 58 0 24 0 10 3145728 0
line 778 608 631 59 0 0 8 0 3072 0 0
line 779 624 626 58 0 0 24 0 3072 0 0
line 780 622 624 58 0 0 24 0 3072 0 -13
line 781 619 622 61 0 0 8 0 7168 0 0
line 782 621 622 58 61 0 0 0 5242885 0 0
line 783 621 620 61 0 0 8 0 7168 0 0
line 784 608 609 60 59 0 8 0 3145728 0 0
line 785 627 625 58 0 0 24 0 3072 0 -13
line 786 634 630 55 58 0 0 0 5242880 0 19
line 787 630 611 55 58 0 0 0 5242880 0 0
line 788 611 592 55 58 0 0 0 5242880 0 19
line 789 59 68 4 5 0 0 0 5242880 0 0
line 790 674 678 125 0 0 0 0 3072 0 0
line 791 662 873 127 0 0 0 0 3072 0 0
line 792 1022 662 127 0 0 0 0 3072 0 0
line 793 681 698 125 0 0 0 0 3072 0 0
line 794 33 666 125 0 0 0 0 3072 0 0
line 795 667 33 125 0 0 0 0 3072 0 0
line 796 669 670 125 0 0 0 0 3072 0 0
line 797 773 667 125 0 0 0 0 3072 0 0
line 798 772 1012 129 0 0 0 0 3072 0 0
line 799 877 685 127 0 0 0 0 3072 0 0
line 800 670 668 125 0 0 0 0 3072 0 0
line 801 872 877 127 0 0 0 0 3072 0 0
line 802 869 871 127 0 0 0 0 3072 0 0
line 803 666 669 125 0 0 0 0 3072 0 0
line 804 668 671 125 0 0 0 0 3072 0 0
line 805 663 673 125 0 0 0 0 3072 0 0
line 806 671 663 125 0 0 0 0 3072 0 0
line 807 672 664 125 0 0 0 0 3072 0 0
line 808 688 674 125 0 0 0 0 3072 0 0
line 809 679 694 125 0 0 0 0 3072 0 0
line 810 678 679 125 0 0 0 0 3072 0 0
line 811 870 869 127 0 0 0 0 3072 0 0
line 812 694 681 125 0 0 0 0 3072 0 0
line 813 691 690 125 0 0 0 0 3072 0 0
line 814 698 691 125 0 0 0 0 3072 0 0
line 815 665 660 125 0 0 0 0 3072 0 0
line 816 458 760 131 0 0 0 0 3072 0 0
line 817 871 872 127 0 0 0 0 3072 0 0
line 818 673 672 125 0 0 0 0 3072 0 0
line 819 664 665 125 0 0 0 0 3072 0 0
line 820 696 687 125 0 0 0 0 3072 0 0
line 821 588 712 59 0 0 8 0 3072 0 0
line 822 712 717 59 0 0 8 0 3072 0 -7
line 823 717 715 59 0 0 8 0 3072 0 -7
line 824 715 722 59 0 0 8 0 3072 0 0
line 825 722 260 59 0 0 8 0 3072 0 -7
line 826 260 259 59 0 0 8 0 3072 0 -7
line 827 259 556 59 0 0 8 0 3072 0 0
line 828 556 558 59 0 0 8 0 3072 0 -13
line 829 558 322 59 39 0 0 0 5242885 0 0
line 830 322 336 59 0 0 8 0 3072 0 -13
line 831 336 706 59 0 0 8 0 3072 0 0
line 832 706 707 59 0 0 8 0 3072 0 -13
line 833 707 709 59 0 0 8 0 3072 0 0
line 834 709 708 59 0 0 8 0 3072 0 -13
line 835 708 563 59 0 0 8 0 3072 0 0
line 836 587 711 56 59 0 0 0 5242880 0 32
line 837 711 716 56 59 0 0 0 5242880 0 -7
line 838 716 714 56 59 0 0 0 5242880 0 -7
line 839 714 721 56 59 0 0 0 5242880 0 32
line 840 721 261 56 59 0 0 0 5242880 0 -7
line 841 261 720 56 59 0 0 0 5242880 0 -7
line 842 720 333 56 59 0 0 0 5242880 0 0
line 843 333 334 56 59 0 0 0 5242880 0 0
line 844 334 719 56 59 0 0 0 5242880 0 0
line 845 719 718 56 59 0 0 0 5242880 0 19
line 846 769 686 127 0 0 0 0 3072 0 0
line 847 257 320 57 0 0 24 0 3072 0 -7
line 848 320 319 57 0 0 24 0 3072 0 -7
line 849 319 730 57 0 0 24 0 3072 0 0
line 850 730 732 57 0 0 24 0 3072 0 -7
line 851 732 726 57 0 0 24 0 3072 0 -7
line 852 726 291 57 0 0 24 0 3072 0 0
line 853 290 723 57 0 0 24 0 3072 0 0
line 854 723 727 57 0 0 24 0 3072 0 -13
line 855 727 316 57 0 0 24 0 3072 0 0
line 856 316 265 57 0 0 24 0 3072 0 -13
line 857 661 676 125 0 0 0 0 3072 0 0
line 858 250 263 125 0 0 0 0 3072 0 0
line 859 266 256 54 57 0 0 0 5242880 0 -7
line 860 256 728 54 57 0 0 0 5242880 0 -7
line 861 728 729 54 57 0 0 0 5242880 0 0
line 862 982 960 123 0 0 0 0 3072 0 0
line 863 736 330 148 149 0 24 0 1 1048576 0
line 864 318 490 153 155 0 24 0 1 1048576 0
line 865 989 490 155 0 0 0 0 3072 0 0
line 866 739 984 158 0 0 0 0 3072 0 0
line 867 456 908 129 0 0 0 0 3072 0 0
line 868 318 988 155 0 0 0 0 3072 0 0
line 869 985 741 158 0 0 0 0 3072 0 0
line 870 740 763 150 151 0 24 0 1 1048576 0
line 871 503 880 91 41 0 0 0 0 0 0
line 872 745 765 131 0 0 0 0 3072 0 0
line 873 920 923 130 0 0 0 0 3072 0 0
line 874 916 919 131 0 0 0 0 3072 0 0
line 875 748 747 162 161 0 0 0 1048576 0 0
line 876 749 754 162 161 0 0 0 1048576 0 0
line 877 880 500 91 0 0 8 0 3072 0 0
line 878 765 874 131 0 0 0 0 3072 0 0
line 879 744 745 131 0 0 0 0 3072 0 0
line 880 465 468 135 0 0 0 0 3072 0 0
line 881 986 749 124 161 0 0 0 1048576 0 0
line 882 754 755 133 161 0 0 0 1048576 0 0
line 883 746 438 126 0 0 0 0 3072 0 0
line 884 761 743 128 0 0 0 0 3072 0 0
line 885 439 746 126 0 0 0 0 3072 0 0
line 886 750 748 133 161 0 0 0 1048576 0 0
line 887 755 985 133 0 0 0 0 3072 0 0
line 888 760 744 131 0 0 0 0 3072 0 0
line 889 922 920 130 0 0 0 0 3072 0 0
line 890 867 756 126 0 0 0 0 3072 0 0
line 891 756 439 126 0 0 0 0 3072 0 0
line 892 751 761 128 0 0 0 0 3072 0 0
line 893 988 750 133 0 0 0 0 3072 0 0
line 894 734 735 149 150 0 24 0 1 1048576 0
line 895 763 735 150 0 0 0 0 3072 0 0
line 896 489 879 154 0 0 0 0 3072 0 0
line 897 695 255 127 0 0 0 0 3072 0 0
line 898 265 774 57 0 0 24 0 3072 0 0
line 899 323 474 134 0 0 0 0 3072 0 0
line 900 467 466 129 135 0 0 0 1048576 0 0
line 901 216 223 73 72 0 0 0 5242880 0 0
line 902 1003 1002 124 0 0 0 0 3072 0 0
line 903 325 738 147 0 0 0 0 3072 0 0
line 904 1023 1022 127 0 0 0 0 3072 0 0
line 905 315 700 126 0 0 0 0 3072 0 0
line 906 983 982 123 133 0 0 0 0 1048576 0
line 907 230 235 73 72 0 0 0 5242880 0 0
line 908 484 325 146 0 0 0 0 3072 0 0
line 909 484 778 145 146 0 24 0 1 1048576 0
line 910 921 477 135 0 0 0 0 3072 0 0
line 911 477 475 135 0 0 0 0 3072 0 0
line 912 475 466 135 0 0 0 0 3072 0 0
line 913 948 983 123 0 0 0 0 3072 0 0
line 914 958 961 121 122 0 0 0 3 3145728 0
line 915 956 978 119 120 0 0 0 3 3145728 0
line 916 1010 1003 124 0 0 0 0 3072 0 0
line 917 957 961 120 121 0 0 0 3 3145728 0
line 918 987 1011 124 0 0 0 0 3072 0 0
line 919 1011 1010 124 0 0 0 0 3072 0 0
line 920 452 796 132 0 0 0 0 3072 0 0
line 921 275 276 128 0 0 0 0 3072 0 0
line 922 464 473 136 0 0 0 0 3072 0 0
line 923 271 273 134 0 0 0 0 3072 0 0
line 924 704 323 134 0 0 0 0 3072 0 0
line 925 273 555 132 0 0 0 0 3072 0 0
line 926 788 821 130 0 0 0 0 3072 0 0
line 927 827 807 128 0 0 0 0 3072 0 0
line 928 808 827 128 0 0 0 0 3072 0 0
line 929 809 808 128 0 0 0 0 3072 0 0
line 930 806 809 128 0 0 0 0 3072 0 0
line 931 795 806 128 0 0 0 0 3072 0 0
line 932 796 795 128 0 0 0 0 3072 0 0
line 933 274 26 128 0 0 0 0 3072 0 0
line 934 557 274 128 0 0 0 0 3072 0 0
line 935 705 557 128 0 0 0 0 3072 0 0
line 936 272 705 128 0 0 0 0 3072 0 0
line 937 454 772 129 0 0 0 0 3072 0 0
line 938 757 456 129 0 0 0 0 3072 0 0
line 939 219 797 128 0 0 0 0 3072 0 0
line 940 218 253 128 0 0 0 0 3072 0 0
line 941 918 218 128 0 0 0 0 3072 0 0
line 942 743 918 128 0 0 0 0 3072 0 0
line 943 919 875 131 0 0 0 0 3072 0 0
line 944 993 944 130 0 0 0 0 3072 0 0
line 945 217 993 130 0 0 0 0 3072 0 0
line 946 945 824 130 0 0 0 0 3072 0 0
line 947 825 217 130 0 0 0 0 3072 0 0
line 948 824 825 130 0 0 0 0 3072 0 0
line 949 816 802 131 0 0 0 0 3072 0 0
line 950 802 789 131 0 0 0 0 3072 0 0
line 951 789 801 131 0 0 0 0 3072 0 0
line 952 801 818 131 0 0 0 0 3072 0 0
line 953 818 926 131 0 0 0 0 3072 0 0
line 954 926 785 131 0 0 0 0 3072 0 0
line 955 785 800 131 0 0 0 0 3072 0 0
line 956 469 464 136 0 0 0 0 3072 0 0
line 957 923 792 130 0 0 0 0 3072 0 0
line 958 822 469 136 0 0 0 0 3072 0 0
line 959 819 799 131 0 0 0 0 3072 0 0
line 960 704 273 132 134 0 0 0 1048576 0 0
line 961 750 987 161 0 0 0 0 3072 0 0
line 962 459 458 131 0 0 0 0 3072 0 0
line 963 800 819 131 0 0 0 0 3072 0 0
line 964 797 796 128 132 0 0 0 0 0 0
line 965 946 924 131 129 0 0 0 0 0 0
line 966 804 925 131 0 0 0 0 3072 0 0
line 967 685 906 127 129 0 0 0 0 0 0
line 968 794 704 132 0 0 0 0 3072 0 0
line 969 828 275 128 0 0 0 0 3072 0 0
line 970 211 859 72 0 0 24 0 3072 0 0
line 971 859 862 72 0 0 24 0 3072 0 -7
line 972 862 861 72 0 0 24 0 3072 0 -7
line 973 861 838 72 0 0 24 0 3072 0 0
line 974 838 837 72 0 0 24 0 3072 0 -13
line 975 837 836 72 0 0 24 0 3072 0 0
line 976 836 249 72 0 0 24 0 3072 0 -13
line 977 252 840 72 0 0 24 0 3072 0 -7
line 978 840 839 72 0 0 24 0 3072 0 -7
line 979 839 852 72 0 0 24 0 3072 0 0
line 980 852 850 72 0 0 24 0 3072 0 -7
line 981 850 849 72 0 0 24 0 3072 0 -7
line 982 849 854 72 0 0 24 0 3072 0 0
line 983 854 855 72 0 0 24 0 3072 0 -13
line 984 855 212 72 0 0 24 0 3072 0 0
line 985 1018 1019 124 0 0 0 0 3072 0 0
line 986 858 863 73 72 0 0 0 5242880 0 -7
line 987 863 860 73 72 0 0 0 5242880 0 -7
line 988 860 847 73 72 0 0 0 5242880 0 0
line 989 847 846 73 72 0 0 0 5242880 0 19
line 990 846 844 73 72 0 0 0 5242880 0 32
line 991 844 842 73 72 0 0 0 5242880 0 19
line 992 991 998 124 0 0 0 0 3072 0 0
line 993 997 996 124 0 0 0 0 3072 0 0
line 994 843 841 73 72 0 0 0 5242880 0 -7
line 995 841 845 73 72 0 0 0 5242880 0 -7
line 996 845 853 73 72 0 0 0 5242880 0 32
line 997 853 851 73 72 0 0 0 5242880 0 -7
line 998 851 848 73 72 0 0 0 5242880 0 -7
line 999 848 857 73 72 0 0 0 5242880 0 0
line 1000 857 856 73 72 0 0 0 5242880 0 19
line 1001 1021 1024 127 0 0 0 0 3072 0 0
line 1002 779 778 146 0 0 0 0 3072 0 0
line 1003 328 763 151 0 0 0 0 3072 0 0
line 1004 742 327 152 0 0 0 0 3072 0 0
line 1005 490 764 153 0 0 0 0 3072 0 0
line 1006 864 446 143 144 0 24 0 1 1048576 0
line 1007 737 736 148 0 0 0 0 3072 0 0
line 1008 742 328 151 152 0 24 0 1 1048576 0
line 1009 26 692 128 0 0 0 0 3072 0 0
line 1010 687 677 125 0 0 0 0 3072 0 0
line 1011 699 866 126 0 0 0 0 3072 0 0
line 1012 700 699 126 0 0 0 0 3072 0 0
line 1013 856 205 73 72 0 0 0 5242880 0 0
line 1014 1005 1004 124 0 0 0 0 3072 0 0
line 1015 1002 1005 124 0 0 0 0 3072 0 0
line 1016 1007 1008 124 0 0 0 0 3072 0 0
line 1017 1006 1007 124 0 0 0 0 3072 0 0
line 1018 1014 1017 124 0 0 0 0 3072 0 0
line 1019 1013 1014 124 0 0 0 0 3072 0 0
line 1020 1004 1006 124 0 0 0 0 3072 0 0
line 1021 1009 1013 124 0 0 0 0 3072 0 0
line 1022 1008 1009 124 0 0 0 0 3072 0 0
line 1023 685 454 129 0 0 0 0 3072 0 0
line 1024 1015 1020 124 0 0 0 0 3072 0 0
line 1025 1016 1015 124 0 0 0 0 3072 0 0
line 1026 1017 1018 124 0 0 0 0 3072 0 0
line 1027 762 758 126 0 0 0 0 3072 0 0
line 1028 758 683 126 0 0 0 0 3072 0 0
line 1029 753 762 126 0 0 0 0 3072 0 0
line 1030 676 675 125 0 0 0 0 3072 0 0
line 1031 1026 1023 127 0 0 0 0 3072 0 0
line 1032 1028 1026 127 0 0 0 0 3072 0 0
line 1033 1025 1027 127 0 0 0 0 3072 0 0
line 1034 1024 1025 127 0 0 0 0 3072 0 0
line 1035 1027 1028 127 0 0 0 0 3072 0 0
line 1036 738 737 154 0 0 0 0 3072 0 0
line 1037 865 484 145 0 0 0 0 3072 0 0
line 1038 737 489 154 148 0 24 0 1 1048576 0
line 1039 865 878 144 145 0 24 0 1 1048576 0
line 1040 325 779 146 147 0 24 0 1 1048576 0
line 1041 878 446 144 0 0 0 0 3072 0 0
line 1042 864 865 144 0 0 0 0 3072 0 0
line 1043 684 696 125 126 0 0 0 0 0 0
line 1044 1029 255 125 124 0 0 0 0 0 0
line 1045 807 810 128 0 0 0 0 3072 0 0
line 1046 829 826 128 0 0 0 0 3072 0 0
line 1047 253 219 128 0 0 0 0 3072 0 0
line 1048 947 945 130 0 0 0 0 3072 0 0
line 1049 793 788 130 0 0 0 0 3072 0 0
line 1050 499 880 41 0 0 8 0 3072 0 0
line 1051 883 583 97 0 0 24 0 3072 0 0
line 1052 584 888 97 0 0 24 0 3072 0 0
line 1053 888 887 96 0 0 24 0 3072 0 0
line 1054 887 882 97 0 0 24 0 3072 0 0
line 1055 882 886 97 0 0 0 0 3072 0 0
line 1056 886 885 97 137 0 24 0 1 1048576 0
line 1057 885 881 97 0 0 24 0 3072 0 0
line 1058 881 884 97 0 0 24 0 3072 0 0
line 1059 883 884 98 94 0 24 0 1 0 0
line 1060 890 888 96 97 0 0 0 1 0 0
line 1061 893 897 94 97 0 0 0 1 0 0
line 1062 887 891 96 97 0 0 0 1 0 0
line 1063 891 896 96 97 0 0 0 1 0 0
line 1064 896 894 95 97 0 0 0 1048576 0 0
line 1065 894 895 95 97 0 0 0 1048576 0 0
line 1066 895 893 95 97 0 0 0 1048576 0 0
line 1067 898 892 94 97 0 0 0 1 0 0
line 1068 892 583 92 97 0 0 0 0 0 0
line 1069 584 889 92 97 0 0 0 0 0 0
line 1070 889 890 96 97 0 0 0 1 0 0
line 1071 892 893 94 93 0 0 0 1 0 0
line 1072 893 896 95 93 0 0 0 1048576 0 0
line 1073 896 889 96 93 0 0 0 1 0 0
line 1074 892 889 93 92 0 0 0 0 0 0
line 1075 883 898 94 97 0 0 0 1 0 0
line 1076 897 884 94 97 0 0 0 1 0 0
line 1077 900 899 98 0 0 24 0 3072 0 0
line 1078 899 883 98 0 0 24 0 3072 0 0
line 1079 884 900 98 0 0 24 0 3072 0 0
line 1080 901 572 59 0 0 8 0 3072 0 0
line 1081 903 580 59 0 0 8 0 3072 0 0
line 1082 575 903 59 0 0 8 0 3072 0 0
line 1083 782 783 129 0 0 0 0 3072 0 0
line 1084 566 569 56 59 0 0 0 5242880 0 0
line 1085 814 815 129 0 0 0 0 3072 0 0
line 1086 463 1031 125 0 0 0 0 3072 0 0
line 1087 571 946 131 0 0 0 0 3072 0 0
line 1088 925 904 131 0 0 0 0 3072 0 0
line 1089 815 786 129 0 0 0 0 3072 0 0
line 1090 468 476 135 0 0 0 0 3072 0 0
line 1091 574 573 56 59 0 0 0 5242880 0 0
line 1092 908 905 129 0 0 0 0 3072 0 0
line 1093 904 571 131 0 0 0 0 3072 0 0
line 1094 787 814 129 0 0 0 0 3072 0 0
line 1095 912 787 129 0 0 0 0 3072 0 0
line 1096 803 813 131 0 0 0 0 3072 0 0
line 1097 917 803 131 0 0 0 0 3072 0 0
line 1098 462 463 125 0 0 0 0 3072 0 0
line 1099 905 907 129 0 0 0 0 3072 0 0
line 1100 907 909 129 0 0 0 0 3072 0 0
line 1101 909 912 129 0 0 0 0 3072 0 0
line 1102 783 805 129 0 0 0 0 3072 0 0
line 1103 913 914 127 0 0 0 0 3072 0 0
line 1104 914 329 127 0 0 0 0 3072 0 0
line 1105 911 924 130 0 0 0 0 3072 0 0
line 1106 944 911 130 0 0 0 0 3072 0 0
line 1107 902 906 129 0 0 0 0 3072 0 0
line 1108 915 902 129 0 0 0 0 3072 0 0
line 1109 786 782 129 0 0 0 0 3072 0 0
line 1110 805 915 129 0 0 0 0 3072 0 0
line 1111 906 913 127 0 0 0 0 3072 0 0
line 1112 813 804 131 0 0 0 0 3072 0 0
line 1113 812 811 131 0 0 0 0 3072 0 0
line 1114 833 832 131 0 0 0 0 3072 0 0
line 1115 830 833 131 0 0 0 0 3072 0 0
line 1116 831 830 131 0 0 0 0 3072 0 0
line 1117 811 831 131 0 0 0 0 3072 0 0
line 1118 942 943 109 0 0 24 0 3072 0 0
line 1119 943 940 109 0 0 24 0 3072 0 0
line 1120 940 941 109 0 0 24 0 3072 0 0
line 1121 941 938 109 0 0 24 0 3072 0 0
line 1122 938 937 109 0 0 24 0 3072 0 0
line 1123 937 936 109 110 0 24 0 3 3145728 0
line 1124 936 935 109 0 0 24 0 3072 0 0
line 1125 935 934 109 0 0 24 0 3072 0 0
line 1126 934 933 109 0 0 24 0 3072 0 0
line 1127 933 932 109 0 0 24 0 3072 0 0
line 1128 932 931 109 0 0 24 0 3072 0 0
line 1129 931 939 109 0 0 24 0 3072 0 0
line 1130 939 930 109 0 0 24 0 3072 0 0
line 1131 930 929 109 0 0 24 0 3072 0 0
line 1132 929 928 109 0 0 24 0 3072 0 0
line 1133 928 927 109 0 0 24 0 3072 0 0
line 1134 565 901 59 0 0 8 0 3072 0 0
line 1135 832 835 131 0 0 0 0 3072 0 0
line 1136 927 942 109 0 0 24 0 3072 0 0
line 1137 924 812 131 0 0 0 0 3072 0 0
line 1138 937 950 110 0 0 24 0 3072 0 0
line 1139 950 949 112 0 0 24 0 3072 0 0
line 1140 949 951 114 0 0 24 0 3072 0 0
line 1141 951 952 115 0 0 24 0 3072 0 0
line 1142 952 953 116 111 0 0 0 0 0 0
line 1143 953 954 117 0 0 24 0 3072 0 0
line 1144 954 955 118 0 0 24 0 3072 0 0
line 1145 955 956 119 0 0 24 0 3072 0 0
line 1146 956 957 120 0 0 24 0 3072 0 0
line 1147 957 958 121 0 0 24 0 3072 0 0
line 1148 958 948 122 0 0 24 0 3072 0 0
line 1149 948 960 122 123 0 24 0 0 3145728 0
line 1150 977 953 111 0 0 24 0 3072 0 0
line 1151 973 977 111 0 0 24 0 3072 0 0
line 1152 967 966 118 0 0 24 0 3072 0 0
line 1153 966 963 117 0 0 24 0 3072 0 0
line 1154 963 962 116 0 0 24 0 3072 0 0
line 1155 962 964 115 0 0 24 0 3072 0 0
line 1156 960 961 122 0 0 24 0 3072 0 0
line 1157 961 978 120 0 0 24 0 3072 0 0
line 1158 959 936 110 0 0 24 0 3072 0 0
line 1159 952 968 111 0 0 24 0 3072 0 0
line 1160 968 969 111 0 0 24 0 3072 0 0
line 1161 969 970 111 0 0 24 0 3072 0 0
line 1162 970 971 111 0 0 24 0 3072 0 0
line 1163 972 975 111 0 0 24 0 3072 0 0
line 1164 976 972 111 0 0 24 0 3072 0 0
line 1165 965 959 112 0 0 24 0 3072 0 0
line 1166 975 974 111 0 0 24 0 3072 0 0
line 1167 974 973 111 0 0 24 0 3072 0 0
line 1168 978 967 119 0 0 24 0 3072 0 0
line 1169 964 979 114 0 0 24 0 3072 0 0
line 1170 979 965 113 0 0 24 0 3072 0 0
line 1171 971 980 111 0 0 24 0 3072 0 0
line 1172 980 981 111 0 0 24 0 3072 0 0
line 1173 981 976 111 0 0 24 0 3072 0 0
line 1174 950 959 110 112 0 0 0 3 3145728 0
line 1175 949 965 112 113 0 0 0 3 3145728 0
line 1176 949 979 113 114 0 0 0 3 3145728 0
line 1177 951 964 114 115 0 0 0 3 3145728 0
line 1178 952 962 115 116 0 0 0 3 3145728 0
line 1179 953 963 116 117 0 0 0 3 3145728 0
line 1180 954 966 117 118 0 0 0 3 3145728 0
line 1181 955 967 118 119 0 0 0 3 3145728 0
line 1182 774 252 72 0 0 24 0 3072 0 0
line 1183 258 868 54 57 0 0 0 5242880 0 0
line 1184 868 843 73 72 0 0 0 5242880 0 0
line 1185 842 1032 73 72 0 0 0 5242880 0 0
line 1186 1032 266 54 57 0 0 0 5242880 0 0
line 1187 249 775 72 0 0 24 0 3072 0 0
line 1188 775 1032 72 57 0 0 0 0 0 0
line 1189 1032 868 73 54 0 0 0 0 0 0
line 1190 868 774 72 57 0 0 0 0 0 0
line 1191 264 724 54 57 0 0 0 5242880 0 0
line 1192 725 267 54 57 0 0 0 5242880 0 0
line 1193 236 231 73 72 0 0 0 5242880 0 0
line 1194 224 202 73 72 0 0 0 5242880 0 0
line 1195 200 203 73 72 0 0 0 5242880 0 0
line 1196 198 210 72 0 0 24 0 3072 0 0
line 1197 204 858 73 72 0 0 0 5242880 0 0
line 1198 775 257 57 0 0 24 0 3072 0 0
sector-count 256
sector 0 0 0 0 0 0 0
sector 1 -8 88 96 0 0 8200
sector 2 0 80 96 0 0 5125
sector 3 0 80 96 32 0 5125
sector 4 -8 96 255 0 0 6152
sector 5 -8 88 96 0 0 8200
sector 6 -8 96 255 0 0 6152
sector 7 -8 88 96 0 0 8200
sector 8 -8 512 255 0 0 6152
sector 9 0 80 96 0 0 5125
sector 10 -8 88 96 0 0 8200
sector 11 -8 96 255 0 0 6152
sector 12 -24 96 128 0 0 8200
sector 13 -40 104 128 0 0 8200
sector 14 8 56 128 0 0 2050
sector 15 -56 112 128 0 0 8200
sector 16 -72 120 128 0 0 8200
sector 17 -88 128 128 0 0 8200
sector 18 -104 136 128 0 0 8200
sector 19 -104 120 128 0 0 8200
sector 20 -104 512 255 0 0 6152
sector 21 -88 8 128 0 0 8200
sector 22 0 0 0 0 0 8200
sector 23 0 80 96 0 32 7175
sector 24 0 80 96 0 32 7175
sector 25 0 0 0 0 0 6152
sector 26 0 0 0 0 0 8200
sector 27 -8 512 255 0 0 6152
sector 28 -8 88 255 0 0 6152
sector 29 0 80 96 0 32 7175
sector 30 -8 88 96 0 0 9225
sector 31 -8 88 96 0 0 8200
sector 32 -104 136 128 32 0 9225
sector 33 40 128 255 0 0 6145
sector 34 -112 -32 96 0 0 5125
sector 35 -112 -32 96 0 0 5125
sector 36 -112 -32 96 0 0 7175
sector 37 -8 96 255 0 0 6152
sector 38 0 0 0 0 0 1025
sector 39 -112 -32 96 32 0 5125
sector 40 -120 88 96 0 0 8200
sector 41 -8 88 96 0 0 8200
sector 42 -16 96 255 0 0 6154
sector 43 -32 96 255 0 0 6154
sector 44 -48 96 255 0 0 6154
sector 45 -64 96 255 0 0 6154
sector 46 -80 96 255 0 0 6154
sector 47 -96 96 255 0 0 6154
sector 48 -112 96 255 0 0 6154
sector 49 -120 88 96 0 0 8200
sector 50 -112 -32 255 0 0 5125
sector 51 -120 512 255 0 0 6152
sector 52 -120 -24 96 0 0 1025
sector 53 -120 -16 255 0 0 1025
sector 54 -8 96 255 0 0 6152
sector 55 -8 96 255 0 0 6152
sector 56 -120 -16 128 0 0 6152
sector 57 -8 88 96 0 0 8200
sector 58 -8 88 96 0 0 8200
sector 59 -120 -24 64 0 0 8200
sector 60 -120 8 48 0 0 8200
sector 61 0 80 96 0 32 7175
sector 62 -8 88 96 0 0 8200
sector 63 0 0 0 0 0 8
sector 64 0 0 0 0 0 6152
sector 65 0 0 0 0 0 8200
sector 66 0 0 0 0 0 6152
sector 67 0 0 0 0 0 8200
sector 68 0 0 0 0 0 8200
sector 69 -120 -16 255 0 0 6152
sector 70 0 0 0 0 0 8200
sector 71 0 0 0 0 0 6152
sector 72 -8 88 96 0 0 8200
sector 73 -8 96 255 0 0 6152
sector 74 0 0 0 0 0 6152
sector 75 0 0 0 0 0 8200
sector 76 0 0 0 0 0 6152
sector 77 0 0 0 0 0 8200
sector 78 0 0 0 0 0 8200
sector 79 0 0 0 0 0 8200
sector 80 0 0 0 0 0 6152
sector 81 0 0 0 0 0 8200
sector 82 0 0 0 0 0 8200
sector 83 0 0 0 0 0 6152
sector 84 -8 96 255 0 0 6152
sector 85 -8 88 96 0 0 8200
sector 86 0 0 0 0 0 8200
sector 87 0 0 0 0 0 6152
sector 88 0 0 0 0 0 8200
sector 89 0 0 0 0 0 6152
sector 90 0 0 0 0 0 1025
sector 91 -8 88 96 0 32 9225
sector 92 0 80 255 0 0 1025
sector 93 0 80 255 0 0 1025
sector 94 -72 80 255 0 0 1025
sector 95 0 112 255 0 0 1025
sector 96 -32 80 208 0 0 1025
sector 97 0 80 255 0 0 1025
sector 98 -128 80 255 0 0 1025
sector 99 0 0 0 0 0 1025
sector 100 -152 -40 255 0 0 1025
sector 101 -176 -64 255 0 0 1025
sector 102 -200 -88 255 0 0 1025
sector 103 -224 -112 255 0 0 1025
sector 104 -248 -136 150 0 -29696 1025
sector 105 -176 -64 255 0 0 1025
sector 106 -200 -88 255 0 0 1025
sector 107 -224 -112 255 0 0 1025
sector 108 -272 -160 224 1 8192 1025
sector 109 -248 -136 255 0 0 1025
sector 110 -224 -112 255 0 0 1025
sector 111 -104 8 255 0 0 1025
sector 112 -200 -88 255 0 0 1025
sector 113 -176 -64 255 0 0 1025
sector 114 -152 -40 255 0 0 1025
sector 115 -128 -16 255 0 0 1025
sector 116 -104 8 255 0 0 1025
sector 117 -80 32 255 0 0 1025
sector 118 -56 56 255 0 0 1025
sector 119 -32 80 255 0 0 1025
sector 120 -8 104 255 0 0 1025
sector 121 16 128 255 0 0 1025
sector 122 40 144 255 0 0 1025
sector 123 40 152 255 0 0 1025
sector 124 40 304 255 0 0 1025
sector 125 40 304 255 0 0 1025
sector 126 40 304 255 0 0 1025
sector 127 40 304 255 0 0 1025
sector 128 40 304 255 0 0 1025
sector 129 40 304 74 0 0 1025
sector 130 40 304 255 0 0 1025
sector 131 40 304 255 0 0 1025
sector 132 40 304 64 0 0 1025
sector 133 40 248 255 0 0 1025
sector 134 40 176 255 0 0 1025
sector 135 40 176 255 0 0 1025
sector 136 40 176 88 0 0 1025
sector 137 8 104 255 0 0 1025
sector 138 16 112 255 0 0 1025
sector 139 24 120 255 0 0 1025
sector 140 32 128 255 0 0 1025
sector 141 40 136 255 0 0 1025
sector 142 48 144 255 0 0 1025
sector 143 56 152 255 0 0 1025
sector 144 64 160 255 0 0 1025
sector 145 72 168 255 0 0 1025
sector 146 80 176 255 0 0 1025
sector 147 88 184 255 0 0 1025
sector 148 104 200 255 0 0 1025
sector 149 112 208 255 0 0 1025
sector 150 120 216 255 0 0 1025
sector 151 128 224 255 0 0 1025
sector 152 136 232 255 0 0 1025
sector 153 144 240 255 0 0 1025
sector 154 96 192 255 0 0 1025
sector 155 144 248 255 0 0 1025
sector 156 0 0 0 0 0 1025
sector 157 0 0 0 0 0 1025
sector 158 144 248 255 0 0 1025
sector 159 0 0 0 0 0 1025
sector 160 0 0 0 0 0 1025
sector 161 40 144 255 0 0 1025
sector 162 40 248 255 0 0 1025
sector 163 0 0 0 0 0 30952064
sector 164 0 0 120 -25417 -7925 127
sector 165 0 0 0 0 0 0
sector 166 0 0 0 0 0 434432
sector 167 0 0 0 6672 476 0
sector 168 0 0 0 0 0 0
sector 169 0 0 0 0 0 0
sector 170 0 0 0 0 0 1627387904
sector 171 0 0 0 0 0 3072
sector 172 0 0 8 0 2560 3741319168
sector 173 0 0 0 0 1 65536
sector 174 0 0 255 -28688 0 0
sector 175 0 0 0 0 0 536871008
sector 176 0 0 0 0 0 12
sector 177 0 0 0 0 9 4175364096
sector 178 0 0 0 256 0 256
sector 179 0 0 0 160 0 0
sector 180 0 0 0 0 0 1342178305
sector 181 0 0 0 0 0 67174448
sector 182 0 0 0 2048 0 167304960
sector 183 0 0 0 1 0 1
sector 184 0 0 172 0 0 0
sector 185 0 0 0 0 25600 1198548992
sector 186 0 0 0 768 0 1342203136
sector 187 0 0 0 0 0 272
sector 188 0 0 11 0 2304 1660944384
sector 189 0 0 0 0 1 65536
sector 190 0 0 0 23040 0 0
sector 191 0 0 0 0 0 16777152
sector 192 0 0 0 0 0 4278190092
sector 193 0 0 0 0 12 2204303360
sector 194 0 0 0 256 0 256
sector 195 0 0 224 160 0 0
sector 196 0 0 0 0 0 65536
sector 197 0 0 0 0 3072 0
sector 198 0 0 0 2816 0 3313722112
sector 199 0 0 0 1 0 1
sector 200 0 0 143 0 0 0
sector 201 0 0 0 0 4 1269854720
sector 202 0 0 0 0 12288 1929379840
sector 203 0 0 0 10 0 650478435
sector 204 0 0 1 0 256 16777216
sector 205 0 0 0 0 0 0
sector 206 0 0 0 0 -56 3628802104
sector 207 0 0 0 3 0 5308384
sector 208 0 0 0 0 4096 1
sector 209 0 0 0 0 11 3882024960
sector 210 0 0 0 256 0 256
sector 211 0 0 0 101 0 0
sector 212 0 0 0 0 -256 0
sector 213 0 0 0 0 3072 0
sector 214 0 0 0 3584 0 501703424
sector 215 0 0 0 1 0 1
sector 216 0 0 163 0 0 402653184
sector 217 0 0 0 0 -23552 0
sector 218 0 0 0 0 12 7168
sector 219 0 0 0 13 0 488499043
sector 220 0 0 1 0 256 2013265920
sector 221 0 0 0 0 0 0
sector 222 0 0 0 0 0 3628851200
sector 223 0 0 0 0 48 368
sector 224 0 0 12 0 25344 1908199
sector 225 0 0 0 0 1 4291821568
sector 226 0 0 0 0 0 0
sector 227 0 0 0 -32 480 30952272
sector 228 0 0 3 0 4096 805306624
sector 229 0 0 0 0 272 0
sector 230 0 0 0 3328 0 1102975744
sector 231 0 0 0 1 0 1
sector 232 0 0 96 0 0 0
sector 233 0 0 0 0 48 233897760
sector 234 0 0 0 0 0 16777728
sector 235 0 0 0 16 0 222412307
sector 236 0 0 1 0 256 402653184
sector 237 0 0 0 0 0 1572864
sector 238 0 0 0 6144 4096 0
sector 239 0 0 0 3072 0 4271898960
sector 240 0 0 15 0 4864 868798
sector 241 0 0 0 0 1 65536
sector 242 0 0 0 0 0 0
sector 243 0 0 0 1 576 30951968
sector 244 0 0 0 12288 6144 218107904
sector 245 0 0 0 0 -16877 3393
sector 246 0 0 0 256 0 419328000
sector 247 0 0 0 0 0 0
sector 248 0 0 208 6398 -20480 120907
sector 249 0 0 0 0 1 71304272
sector 250 0 0 0 12288 0 0
sector 251 0 0 1 0 0 10
sector 252 0 0 81 0 0 2147483648
sector 253 0 0 0 0 1136 0
sector 254 0 0 0 0 0 3637526528
sector 255 0 0 0 5 0 3
object-count 55
object 0 0 0 0 80 0 0 6
object 1 1 -48 176 0 2 0 0
object 2 1 -48 240 0 2 0 0
object 3 1 -48 304 0 2 0 0
object 4 1 -48 368 0 2 0 0
object 5 1 -48 432 0 2 0 0
object 6 2 -64 144 0 4 0 0
object 7 1 -48 464 32 0 0 0
object 8 2 -48 480 64 0 6 6
object 9 2 -32 480 80 0 0 2
object 10 1 0 496 80 0 2 0
object 11 1 64 496 80 0 2 0
object 12 1 128 496 80 0 2 0
object 13 1 192 496 80 0 2 0
object 14 1 256 496 80 0 2 0
object 15 1 320 496 80 0 2 0
object 16 2 352 480 80 0 0 0
object 17 1 48 -224 24 2 0 0
object 18 1 48 -320 24 2 0 0
object 19 1 96 -272 24 0 2 0
object 20 1 96 -368 24 0 2 0
object 21 1 144 -320 24 2 0 0
object 22 1 240 -352 24 2 0 0
object 23 1 288 -304 24 0 2 0
object 24 1 288 -400 24 0 2 0
object 25 1 336 -352 24 2 0 0
object 26 1 384 -304 24 0 2 0
object 27 1 384 -400 24 0 2 0
object 28 1 432 -352 24 2 0 0
object 29 1 480 -400 24 0 2 0
object 30 1 576 -400 24 0 2 0
object 31 1 672 -400 24 0 2 0
object 32 1 768 -400 24 0 2 0
object 33 1 864 -400 24 0 2 0
object 34 1 960 -400 24 0 2 0
object 35 1 912 -352 24 2 0 0
object 36 1 960 -304 24 0 2 0
object 37 1 1008 -352 24 2 0 0
object 38 1 1104 -320 24 2 0 0
object 39 1 1152 -272 24 0 2 0
object 40 1 1152 -368 24 0 2 0
object 41 1 1200 -320 24 2 0 0
object 42 2 160 -288 24 0 0 0
object 43 2 192 -288 24 0 0 4
object 44 1 224 -304 24 0 2 0
object 45 2 160 -384 24 0 0 0
object 46 2 192 -384 24 0 0 4
object 47 1 224 -400 24 0 2 0
object 48 1 1024 -304 24 0 2 0
object 49 1 1024 -400 24 0 2 0
object 50 2 1088 -288 24 0 0 2
object 51 2 1056 -288 24 0 0 6
object 52 2 1088 -384 24 0 0 2
object 53 2 1056 -384 24 0 0 6
object 54 2 -64 464 0 6 0 0
