map v0.1
vertex-count 1317
vertex 0 -32 64
vertex 1 -64 32
vertex 2 -64 -32
vertex 3 -32 -64
vertex 4 32 -64
vertex 5 64 -32
vertex 6 64 32
vertex 7 32 64
vertex 8 -32 96
vertex 9 32 96
vertex 10 32 32
vertex 11 32 -32
vertex 12 -32 -32
vertex 13 -32 32
vertex 14 -64 128
vertex 15 -64 512
vertex 16 -32 480
vertex 17 704 1248
vertex 18 64 448
vertex 19 64 128
vertex 20 384 576
vertex 21 384 512
vertex 22 96 480
vertex 23 64 576
vertex 24 64 512
vertex 25 32 608
vertex 26 -64 480
vertex 27 480 512
vertex 28 416 480
vertex 29 448 512
vertex 30 448 576
vertex 31 416 608
vertex 32 480 576
vertex 33 -32 128
vertex 34 1696 800
vertex 35 -32 576
vertex 36 512 608
vertex 37 512 480
vertex 38 576 480
vertex 39 608 512
vertex 40 608 576
vertex 41 576 608
vertex 42 512 576
vertex 43 512 512
vertex 44 576 512
vertex 45 576 576
vertex 46 512 640
vertex 47 576 640
vertex 48 640 576
vertex 49 640 512
vertex 50 576 448
vertex 51 512 448
vertex 52 480 416
vertex 53 608 416
vertex 54 480 384
vertex 55 448 352
vertex 56 608 320
vertex 57 512 224
vertex 58 576 256
vertex 59 480 320
vertex 60 480 256
vertex 61 544 288
vertex 62 512 352
vertex 63 576 352
vertex 64 256 256
vertex 65 288 224
vertex 66 256 192
vertex 67 224 224
vertex 68 256 320
vertex 69 224 352
vertex 70 160 224
vertex 71 128 256
vertex 72 192 288
vertex 73 160 320
vertex 74 224 0
vertex 75 160 0
vertex 76 128 0
vertex 77 256 0
vertex 78 160 -32
vertex 79 224 -32
vertex 80 512 416
vertex 81 576 416
vertex 82 672 576
vertex 83 672 512
vertex 84 704 512
vertex 85 736 576
vertex 86 768 544
vertex 87 672 480
vertex 88 672 608
vertex 89 768 608
vertex 90 800 576
vertex 91 704 256
vertex 92 768 256
vertex 93 672 224
vertex 94 800 288
vertex 95 832 256
vertex 96 800 224
vertex 97 800 160
vertex 98 768 128
vertex 99 736 192
vertex 100 704 160
vertex 101 1024 224
vertex 102 1024 160
vertex 103 992 128
vertex 104 1024 96
vertex 105 1056 128
vertex 106 1056 256
vertex 107 1120 128
vertex 108 1152 160
vertex 109 1088 192
vertex 110 1120 224
vertex 111 1024 0
vertex 112 1120 0
vertex 113 1056 -32
vertex 114 1056 0
vertex 115 1120 -32
vertex 116 1152 0
vertex 117 160 -64
vertex 118 224 -64
vertex 119 1056 -64
vertex 120 1120 -64
vertex 121 128 -96
vertex 122 128 -160
vertex 123 160 -192
vertex 124 1152 -96
vertex 125 1152 -160
vertex 126 1120 -192
vertex 127 1024 -96
vertex 128 256 -96
vertex 129 256 -192
vertex 130 1024 -192
vertex 131 256 -128
vertex 132 1024 -128
vertex 133 160 -96
vertex 134 160 -160
vertex 135 224 -160
vertex 136 224 -96
vertex 137 1056 -96
vertex 138 1056 -160
vertex 139 1120 -160
vertex 140 1120 -96
vertex 141 320 -128
vertex 142 384 -128
vertex 143 320 -192
vertex 144 384 -192
vertex 145 120 -96
vertex 146 120 -164
vertex 147 156 -200
vertex 148 256 -200
vertex 149 608 -192
vertex 150 608 -128
vertex 151 672 -192
vertex 152 672 -128
vertex 153 1280 -160
vertex 154 1248 -448
vertex 155 1160 -96
vertex 156 1160 -164
vertex 157 1024 -200
vertex 158 1124 -200
vertex 159 1280 -416
vertex 160 1000 -224
vertex 161 960 -128
vertex 162 896 -128
vertex 163 896 -192
vertex 164 960 -192
vertex 165 832 -128
vertex 166 832 -192
vertex 167 448 -192
vertex 168 448 -128
vertex 169 512 -128
vertex 170 512 -192
vertex 171 768 -192
vertex 172 768 -128
vertex 173 704 -128
vertex 174 704 -192
vertex 175 576 -192
vertex 176 576 -128
vertex 177 608 -96
vertex 178 672 -96
vertex 179 608 -224
vertex 180 672 -224
vertex 181 -32 -128
vertex 182 -32 -416
vertex 183 0 -448
vertex 184 280 -224
vertex 185 480 -224
vertex 186 512 -256
vertex 187 512 -288
vertex 188 544 -320
vertex 189 608 -288
vertex 190 576 -320
vertex 191 672 -288
vertex 192 704 -320
vertex 193 736 -320
vertex 194 768 -288
vertex 195 768 -256
vertex 196 800 -224
vertex 197 480 672
vertex 198 608 672
vertex 199 512 704
vertex 200 576 704
vertex 201 512 896
vertex 202 480 928
vertex 203 576 896
vertex 204 608 928
vertex 205 608 992
vertex 206 576 1024
vertex 207 512 1024
vertex 208 480 864
vertex 209 448 896
vertex 210 608 864
vertex 211 640 896
vertex 212 640 1024
vertex 213 608 1056
vertex 214 480 1056
vertex 215 448 1024
vertex 216 480 992
vertex 217 1056 752
vertex 218 1056 736
vertex 219 1072 752
vertex 220 1104 752
vertex 221 32 896
vertex 222 96 1024
vertex 223 64 992
vertex 224 64 928
vertex 225 480 1344
vertex 226 608 1248
vertex 227 512 1312
vertex 228 576 1280
vertex 229 64 1056
vertex 230 32 1024
vertex 231 -32 1024
vertex 232 -64 992
vertex 233 -32 928
vertex 234 0 960
vertex 235 32 1248
vertex 236 -32 1248
vertex 237 -64 1216
vertex 238 64 1216
vertex 239 -96 1248
vertex 240 -64 1280
vertex 241 -64 1344
vertex 242 -96 1376
vertex 243 64 1280
vertex 244 96 1248
vertex 245 -416 1376
vertex 246 -416 1344
vertex 247 -416 1280
vertex 248 -416 1248
vertex 249 1024 1056
vertex 250 1056 896
vertex 251 1120 896
vertex 252 1152 1120
vertex 253 1072 736
vertex 254 1104 736
vertex 255 1440 448
vertex 256 1088 320
vertex 257 1024 352
vertex 258 1120 384
vertex 259 1248 1120
vertex 260 1280 1184
vertex 261 1312 1152
vertex 262 1440 608
vertex 263 1376 448
vertex 264 1376 480
vertex 265 1152 416
vertex 266 1056 384
vertex 267 1440 480
vertex 268 1344 512
vertex 269 1344 576
vertex 270 1376 608
vertex 271 1312 768
vertex 272 1376 800
vertex 273 1344 832
vertex 274 1344 736
vertex 275 1248 864
vertex 276 1280 832
vertex 277 -448 1280
vertex 278 -448 1344
vertex 279 640 1280
vertex 280 640 1344
vertex 281 608 1376
vertex 282 512 1376
vertex 283 544 1344
vertex 284 608 1344
vertex 285 608 1280
vertex 286 -480 1344
vertex 287 -480 1280
vertex 288 672 1344
vertex 289 672 1280
vertex 290 1344 448
vertex 291 1472 448
vertex 292 -64 1408
vertex 293 64 1408
vertex 294 96 1376
vertex 295 64 1344
vertex 296 32 1376
vertex 297 -32 1376
vertex 298 512 992
vertex 299 512 928
vertex 300 576 928
vertex 301 576 992
vertex 302 -32 1344
vertex 303 -32 1280
vertex 304 32 1344
vertex 305 32 1280
vertex 306 1344 640
vertex 307 1312 480
vertex 308 1312 608
vertex 309 1472 640
vertex 310 864 1344
vertex 311 864 1376
vertex 312 896 1344
vertex 313 896 1280
vertex 314 864 1248
vertex 315 32 480
vertex 316 1184 384
vertex 317 1152 352
vertex 318 512 672
vertex 319 1120 256
vertex 320 1056 288
vertex 321 1216 832
vertex 322 1344 992
vertex 323 1248 736
vertex 324 1248 800
vertex 325 736 832
vertex 326 384 736
vertex 327 544 704
vertex 328 512 736
vertex 329 416 704
vertex 330 704 864
vertex 331 416 928
vertex 332 1280 704
vertex 333 1280 1024
vertex 334 1344 1024
vertex 335 1216 -96
vertex 336 1376 1024
vertex 337 608 -416
vertex 338 1088 -448
vertex 339 1056 -480
vertex 340 640 -416
vertex 341 32 -256
vertex 342 32 -288
vertex 343 64 -288
vertex 344 64 -256
vertex 345 128 -256
vertex 346 160 -256
vertex 347 160 -288
vertex 348 128 -288
vertex 349 32 -352
vertex 350 32 -384
vertex 351 64 -384
vertex 352 64 -352
vertex 353 128 -352
vertex 354 160 -352
vertex 355 160 -384
vertex 356 128 -384
vertex 357 224 -288
vertex 358 256 -288
vertex 359 256 -320
vertex 360 224 -320
vertex 361 224 -384
vertex 362 256 -384
vertex 363 224 -416
vertex 364 256 -416
vertex 365 320 -288
vertex 366 352 -288
vertex 367 352 -320
vertex 368 320 -320
vertex 369 352 -384
vertex 370 320 -384
vertex 371 320 -416
vertex 372 352 -416
vertex 373 416 -288
vertex 374 448 -288
vertex 375 448 -320
vertex 376 416 -320
vertex 377 416 -384
vertex 378 448 -384
vertex 379 416 -416
vertex 380 448 -416
vertex 381 0 -96
vertex 382 160 -448
vertex 383 192 -480
vertex 384 512 -384
vertex 385 512 -416
vertex 386 544 -416
vertex 387 544 -384
vertex 388 608 -384
vertex 389 640 -384
vertex 390 32 -160
vertex 391 32 -192
vertex 392 64 -192
vertex 393 64 -160
vertex 394 704 -384
vertex 395 704 -416
vertex 396 736 -416
vertex 397 736 -384
vertex 398 800 -384
vertex 399 800 -416
vertex 400 832 -416
vertex 401 832 -384
vertex 402 896 -384
vertex 403 928 -416
vertex 404 896 -416
vertex 405 928 -384
vertex 406 896 -320
vertex 407 896 -288
vertex 408 928 -288
vertex 409 928 -320
vertex 410 992 -288
vertex 411 1024 -288
vertex 412 992 -320
vertex 413 1024 -320
vertex 414 992 -384
vertex 415 1024 -384
vertex 416 1024 -416
vertex 417 992 -416
vertex 418 1088 -256
vertex 419 1120 -256
vertex 420 1088 -288
vertex 421 1120 -288
vertex 422 1088 -384
vertex 423 1120 -384
vertex 424 1088 -352
vertex 425 1120 -352
vertex 426 1184 -288
vertex 427 1216 -288
vertex 428 1184 -256
vertex 429 1216 -256
vertex 430 1184 -384
vertex 431 1216 -384
vertex 432 1184 -352
vertex 433 1216 -352
vertex 434 608 -64
vertex 435 672 -64
vertex 436 576 -32
vertex 437 704 -32
vertex 438 672 -32
vertex 439 608 -32
vertex 440 576 1056
vertex 441 544 1088
vertex 442 608 1088
vertex 443 672 1088
vertex 444 704 1056
vertex 445 576 1120
vertex 446 576 1184
vertex 447 544 1216
vertex 448 -192 736
vertex 449 -192 800
vertex 450 416 1088
vertex 451 384 1120
vertex 452 384 1056
vertex 453 352 1088
vertex 454 384 1184
vertex 455 352 1344
vertex 456 384 1344
vertex 457 416 1216
vertex 458 352 1216
vertex 459 384 1248
vertex 460 352 1376
vertex 461 288 1376
vertex 462 288 1344
vertex 463 256 1344
vertex 464 352 832
vertex 465 288 832
vertex 466 256 864
vertex 467 224 832
vertex 468 256 800
vertex 469 384 800
vertex 470 256 736
vertex 471 288 704
vertex 472 320 768
vertex 473 352 736
vertex 474 -128 832
vertex 475 -128 736
vertex 476 -128 800
vertex 477 -128 704
vertex 478 -160 736
vertex 479 -160 800
vertex 480 288 1408
vertex 481 352 1408
vertex 482 736 1088
vertex 483 704 1120
vertex 484 608 1216
vertex 485 576 1248
vertex 486 704 1184
vertex 487 672 1216
vertex 488 736 1216
vertex 489 704 800
vertex 490 672 832
vertex 491 -512 1248
vertex 492 -224 832
vertex 493 -512 1088
vertex 494 -256 832
vertex 495 -384 864
vertex 496 -512 1344
vertex 497 -480 960
vertex 498 -224 704
vertex 499 -512 1376
vertex 500 -608 1376
vertex 501 -640 1344
vertex 502 -544 1280
vertex 503 -576 1344
vertex 504 -608 1312
vertex 505 -544 1056
vertex 506 -608 1024
vertex 507 -224 800
vertex 508 -224 736
vertex 509 -288 800
vertex 510 -320 736
vertex 511 -512 1280
vertex 512 -384 832
vertex 513 -512 960
vertex 514 -576 928
vertex 515 -416 768
vertex 516 -480 800
vertex 517 -544 864
vertex 518 -480 896
vertex 519 -448 864
vertex 520 -224 640
vertex 521 -256 608
vertex 522 -704 608
vertex 523 -736 640
vertex 524 -736 1312
vertex 525 -704 1344
vertex 526 800 1376
vertex 527 768 1344
vertex 528 768 1280
vertex 529 800 1248
vertex 530 800 1408
vertex 531 864 1408
vertex 532 768 1440
vertex 533 384 1440
vertex 534 256 1440
vertex 535 256 1536
vertex 536 288 1568
vertex 537 896 1440
vertex 538 896 1536
vertex 539 864 1568
vertex 540 288 1440
vertex 541 352 1440
vertex 542 352 1472
vertex 543 288 1504
vertex 544 320 1536
vertex 545 832 1536
vertex 546 864 1504
vertex 547 800 1472
vertex 548 800 1440
vertex 549 864 1440
vertex 550 800 1344
vertex 551 800 1280
vertex 552 864 1280
vertex 553 736 1344
vertex 554 736 1280
vertex 555 1280 928
vertex 556 1248 1024
vertex 557 1248 928
vertex 558 1280 992
vertex 559 1472 576
vertex 560 1504 608
vertex 561 1472 512
vertex 562 1504 480
vertex 563 1536 704
vertex 564 1568 736
vertex 565 1568 672
vertex 566 1600 704
vertex 567 1632 352
vertex 568 1600 320
vertex 569 1696 704
vertex 570 1728 672
vertex 571 1664 672
vertex 572 1696 640
vertex 573 1600 416
vertex 574 1664 416
vertex 575 1696 448
vertex 576 1728 416
vertex 577 1696 384
vertex 578 1696 320
vertex 579 1664 288
vertex 580 1568 384
vertex 581 1824 416
vertex 582 1824 384
vertex 583 2624 608
vertex 584 2624 480
vertex 585 1824 672
vertex 586 1824 704
vertex 587 1632 800
vertex 588 1664 832
vertex 589 1824 608
vertex 590 1824 480
vertex 591 1856 448
vertex 592 2400 512
vertex 593 1856 640
vertex 594 2272 576
vertex 595 1984 640
vertex 596 1984 448
vertex 597 2016 480
vertex 598 2016 608
vertex 599 1856 576
vertex 600 1888 608
vertex 601 1952 608
vertex 602 1984 576
vertex 603 1984 512
vertex 604 1952 480
vertex 605 1888 480
vertex 606 1856 512
vertex 607 2304 608
vertex 608 2016 672
vertex 609 2016 704
vertex 610 2432 608
vertex 611 2368 480
vertex 612 2016 416
vertex 613 2016 384
vertex 614 2592 576
vertex 615 2592 512
vertex 616 2432 480
vertex 617 2080 608
vertex 618 2080 480
vertex 619 2112 512
vertex 620 2112 576
vertex 621 2144 576
vertex 622 2144 512
vertex 623 2176 608
vertex 624 2176 480
vertex 625 2240 608
vertex 626 2240 480
vertex 627 2272 640
vertex 628 2400 576
vertex 629 2272 448
vertex 630 2304 480
vertex 631 2240 672
vertex 632 2240 416
vertex 633 2400 448
vertex 634 2272 512
vertex 635 2432 416
vertex 636 2432 288
vertex 637 2240 384
vertex 638 2240 704
vertex 639 1664 768
vertex 640 2400 384
vertex 641 2400 320
vertex 642 2368 288
vertex 643 2400 256
vertex 644 2304 288
vertex 645 2272 320
vertex 646 2240 288
vertex 647 2272 256
vertex 648 2400 640
vertex 649 2368 608
vertex 650 2432 672
vertex 651 2432 800
vertex 652 2400 832
vertex 653 2272 832
vertex 654 2240 800
vertex 655 2272 768
vertex 656 2304 800
vertex 657 2368 800
vertex 658 2400 768
vertex 659 2400 704
vertex 660 -16 128
vertex 661 16 128
vertex 662 32 160
vertex 663 32 192
vertex 664 -32 192
vertex 665 -32 160
vertex 666 -16 160
vertex 667 16 160
vertex 668 16 192
vertex 669 -16 192
vertex 670 -32 224
vertex 671 32 224
vertex 672 -16 224
vertex 673 16 224
vertex 674 -32 256
vertex 675 32 256
vertex 676 32 288
vertex 677 32 320
vertex 678 -32 288
vertex 679 -32 320
vertex 680 -32 352
vertex 681 32 352
vertex 682 32 384
vertex 683 -32 384
vertex 684 -32 416
vertex 685 32 128
vertex 686 16 256
vertex 687 32 416
vertex 688 -16 256
vertex 689 -16 288
vertex 690 -16 320
vertex 691 -16 352
vertex 692 -16 384
vertex 693 -16 416
vertex 694 16 320
vertex 695 16 288
vertex 696 16 416
vertex 697 16 384
vertex 698 16 352
vertex 699 -96 480
vertex 700 -96 96
vertex 701 96 96
vertex 702 1280 960
vertex 703 1344 960
vertex 704 1344 928
vertex 705 1376 928
vertex 706 1376 1056
vertex 707 1408 1088
vertex 708 1536 1056
vertex 709 1504 1088
vertex 710 1568 1088
vertex 711 1632 1088
vertex 712 1664 1120
vertex 713 1536 1120
vertex 714 1536 1184
vertex 715 1568 1216
vertex 716 1600 1152
vertex 717 1632 1184
vertex 718 1376 1120
vertex 719 1344 1088
vertex 720 1280 1088
vertex 721 1376 1184
vertex 722 1344 1216
vertex 723 1344 416
vertex 724 1376 384
vertex 725 1440 384
vertex 726 1472 352
vertex 727 1312 384
vertex 728 1152 288
vertex 729 1344 288
vertex 730 1376 256
vertex 731 1408 320
vertex 732 1440 288
vertex 733 1344 352
vertex 734 608 832
vertex 735 576 800
vertex 736 576 864
vertex 737 544 832
vertex 738 480 832
vertex 739 416 800
vertex 740 512 800
vertex 741 448 768
vertex 742 480 704
vertex 743 384 128
vertex 744 512 192
vertex 745 480 160
vertex 746 416 160
vertex 747 544 160
vertex 748 512 128
vertex 749 512 64
vertex 750 480 32
vertex 751 416 64
vertex 752 448 96
vertex 753 576 0
vertex 754 544 32
vertex 755 576 64
vertex 756 608 32
vertex 757 576 128
vertex 758 608 160
vertex 759 672 32
vertex 760 704 64
vertex 761 640 96
vertex 762 672 128
vertex 763 544 800
vertex 764 544 736
vertex 765 320 256
vertex 766 320 320
vertex 767 -32 1184
vertex 768 32 1088
vertex 769 896 224
vertex 770 960 160
vertex 771 128 992
vertex 772 1024 832
vertex 773 1152 832
vertex 774 1152 704
vertex 775 1024 704
vertex 776 1056 640
vertex 777 1120 640
vertex 778 960 736
vertex 779 960 800
vertex 780 1184 800
vertex 781 1184 736
vertex 782 1056 832
vertex 783 1040 832
vertex 784 1072 832
vertex 785 1104 832
vertex 786 1120 832
vertex 787 1152 800
vertex 788 1024 720
vertex 789 1152 736
vertex 790 1120 704
vertex 791 1024 752
vertex 792 1056 704
vertex 793 1024 736
vertex 794 1040 704
vertex 795 1024 800
vertex 796 1024 816
vertex 797 1024 784
vertex 798 1072 704
vertex 799 1104 704
vertex 800 1136 704
vertex 801 1152 720
vertex 802 1152 752
vertex 803 1152 784
vertex 804 1152 816
vertex 805 1136 832
vertex 806 1040 816
vertex 807 1056 816
vertex 808 1040 784
vertex 809 1040 800
vertex 810 1072 816
vertex 811 1104 816
vertex 812 1120 816
vertex 813 1136 816
vertex 814 1136 800
vertex 815 1136 784
vertex 816 1136 752
vertex 817 1136 736
vertex 818 1136 720
vertex 819 1120 720
vertex 820 1104 720
vertex 821 1072 720
vertex 822 1056 720
vertex 823 1040 720
vertex 824 1040 736
vertex 825 1040 752
vertex 826 1056 800
vertex 827 1056 784
vertex 828 1072 784
vertex 829 1072 800
vertex 830 1120 800
vertex 831 1104 800
vertex 832 1120 784
vertex 833 1104 784
vertex 834 1120 736
vertex 835 1120 752
vertex 836 992 1088
vertex 837 960 1088
vertex 838 928 1056
vertex 839 1056 1216
vertex 840 1120 1184
vertex 841 1088 1152
vertex 842 1056 1088
vertex 843 1120 1088
vertex 844 1024 1120
vertex 845 1024 1184
vertex 846 928 1120
vertex 847 896 1088
vertex 848 832 1088
vertex 849 800 1120
vertex 850 832 1184
vertex 851 864 1152
vertex 852 896 1216
vertex 853 928 1184
vertex 854 800 1056
vertex 855 768 1024
vertex 856 800 992
vertex 857 832 1024
vertex 858 800 928
vertex 859 832 896
vertex 860 896 1024
vertex 861 928 992
vertex 862 896 928
vertex 863 864 960
vertex 864 608 960
vertex 865 672 896
vertex 866 768 352
vertex 867 704 448
vertex 868 1024 384
vertex 869 1056 1024
vertex 870 1120 1024
vertex 871 1152 992
vertex 872 672 928
vertex 873 736 992
vertex 874 320 512
vertex 875 288 480
vertex 876 576 768
vertex 877 608 800
vertex 878 640 736
vertex 879 608 704
vertex 880 -576 1376
vertex 881 2752 608
vertex 882 2752 480
vertex 883 2624 736
vertex 884 2752 736
vertex 885 2880 608
vertex 886 2880 480
vertex 887 2752 352
vertex 888 2624 352
vertex 889 2656 512
vertex 890 2656 384
vertex 891 2720 384
vertex 892 2656 576
vertex 893 2720 576
vertex 894 2848 512
vertex 895 2848 576
vertex 896 2720 512
vertex 897 2720 704
vertex 898 2656 704
vertex 899 2624 864
vertex 900 2752 864
vertex 901 2560 736
vertex 902 2560 192
vertex 903 2464 192
vertex 904 2464 864
vertex 905 2688 320
vertex 906 2688 192
vertex 907 2720 224
vertex 908 2720 288
vertex 909 2784 288
vertex 910 2784 224
vertex 911 2816 320
vertex 912 2816 192
vertex 913 2688 64
vertex 914 2560 64
vertex 915 2560 320
vertex 916 2528 160
vertex 917 2528 96
vertex 918 2464 96
vertex 919 2464 160
vertex 920 2432 192
vertex 921 2432 64
vertex 922 2368 192
vertex 923 2304 64
vertex 924 2944 320
vertex 925 2976 352
vertex 926 2976 608
vertex 927 2944 640
vertex 928 2816 640
vertex 929 2784 672
vertex 930 2784 864
vertex 931 2464 896
vertex 932 2432 864
vertex 933 2272 864
vertex 934 2240 896
vertex 935 2240 1024
vertex 936 2272 1056
vertex 937 2432 1056
vertex 938 2464 1024
vertex 939 2752 896
vertex 940 2912 992
vertex 941 2880 1024
vertex 942 2944 768
vertex 943 2912 800
vertex 944 3072 768
vertex 945 3104 736
vertex 946 3072 192
vertex 947 3104 224
vertex 948 3168 1056
vertex 949 2464 1248
vertex 950 2432 1152
vertex 951 2528 1312
vertex 952 2624 1344
vertex 953 2720 1344
vertex 954 2816 1312
vertex 955 2880 1248
vertex 956 2912 1152
vertex 957 2976 1088
vertex 958 3072 1056
vertex 959 2272 1152
vertex 960 3168 1184
vertex 961 3104 1184
vertex 962 2624 1472
vertex 963 2720 1472
vertex 964 2464 1440
vertex 965 2304 1312
vertex 966 2880 1440
vertex 967 3008 1344
vertex 968 2624 1312
vertex 969 2528 1280
vertex 970 2496 1248
vertex 971 2464 1152
vertex 972 2880 1088
vertex 973 2816 1280
vertex 974 2848 1248
vertex 975 2880 1152
vertex 976 2848 1056
vertex 977 2720 1312
vertex 978 3072 1216
vertex 979 2336 1344
vertex 980 2464 1088
vertex 981 2496 1056
vertex 982 3296 1184
vertex 983 3296 1056
vertex 984 3328 1216
vertex 985 3456 1216
vertex 986 3502 1184
vertex 987 3502 1056
vertex 988 3456 1024
vertex 989 3328 1024
vertex 990 3808 1216
vertex 991 3520 1504
vertex 992 3520 1216
vertex 993 5568 1344
vertex 994 3520 1472
vertex 995 3648 1472
vertex 996 3648 1344
vertex 997 3680 1344
vertex 998 3680 1504
vertex 999 3840 1184
vertex 1000 3808 1504
vertex 1001 3840 1504
vertex 1002 3968 1504
vertex 1003 3968 1184
vertex 1004 4000 1216
vertex 1005 4000 1504
vertex 1006 4128 1216
vertex 1007 4128 1632
vertex 1008 3648 1632
vertex 1009 3648 1664
vertex 1010 4128 1184
vertex 1011 4128 1056
vertex 1012 4160 1056
vertex 1013 3808 1664
vertex 1014 3808 1824
vertex 1015 3648 1792
vertex 1016 3680 1792
vertex 1017 3968 1824
vertex 1018 3968 1952
vertex 1019 3680 1952
vertex 1020 3648 1984
vertex 1021 4000 1984
vertex 1022 3840 1664
vertex 1023 3840 1792
vertex 1024 4000 1824
vertex 1025 4128 1824
vertex 1026 4160 1792
vertex 1027 4128 1984
vertex 1028 4160 1984
vertex 1029 3840 2112
vertex 1030 3840 2144
vertex 1031 3520 2144
vertex 1032 3520 2112
vertex 1033 3648 2272
vertex 1034 3648 2304
vertex 1035 3968 2272
vertex 1036 4000 2304
vertex 1037 3968 2112
vertex 1038 4000 2144
vertex 1039 4160 1632
vertex 1040 4288 1792
vertex 1041 4320 1792
vertex 1042 4320 1952
vertex 1043 4288 1984
vertex 1044 4448 1952
vertex 1045 4480 1984
vertex 1046 4480 1664
vertex 1047 4448 1664
vertex 1048 4288 2144
vertex 1049 4320 2144
vertex 1050 4288 2272
vertex 1051 4320 2304
vertex 1052 4128 2272
vertex 1053 4160 2304
vertex 1054 4128 2432
vertex 1055 4160 2464
vertex 1056 3648 2432
vertex 1057 3680 2464
vertex 1058 3680 2592
vertex 1059 3648 2624
vertex 1060 4160 2592
vertex 1061 4160 2624
vertex 1062 4448 2144
vertex 1063 4448 2304
vertex 1064 4480 2272
vertex 1065 4480 2112
vertex 1066 4480 2432
vertex 1067 4288 2432
vertex 1068 4288 2464
vertex 1069 4448 2464
vertex 1070 4448 2624
vertex 1071 4480 2592
vertex 1072 4320 2592
vertex 1073 4288 2592
vertex 1074 4608 2624
vertex 1075 4640 2592
vertex 1076 4608 2752
vertex 1077 4320 2752
vertex 1078 4288 2752
vertex 1079 5888 2464
vertex 1080 4640 2752
vertex 1081 4928 2752
vertex 1082 4928 2592
vertex 1083 4960 2624
vertex 1084 4960 2752
vertex 1085 4768 2624
vertex 1086 4800 2624
vertex 1087 4768 2464
vertex 1088 4800 2464
vertex 1089 4608 2464
vertex 1090 4960 2464
vertex 1091 4960 2432
vertex 1092 4640 2432
vertex 1093 4640 2304
vertex 1094 4608 2304
vertex 1095 4768 2272
vertex 1096 4800 2272
vertex 1097 4768 2144
vertex 1098 4800 1952
vertex 1099 4640 2112
vertex 1100 4608 2144
vertex 1101 4608 1792
vertex 1102 4640 1824
vertex 1103 5088 2592
vertex 1104 5120 2624
vertex 1105 5088 2432
vertex 1106 5248 2432
vertex 1107 5120 2464
vertex 1108 5280 2464
vertex 1109 5248 2272
vertex 1110 5280 2304
vertex 1111 5408 2272
vertex 1112 5440 2304
vertex 1113 5408 2144
vertex 1114 5120 2144
vertex 1115 5120 2304
vertex 1116 5088 2272
vertex 1117 5088 2144
vertex 1118 4928 2144
vertex 1119 4928 1184
vertex 1120 5440 2144
vertex 1121 4928 864
vertex 1122 5440 1056
vertex 1123 5408 1216
vertex 1124 5440 1216
vertex 1125 4768 2112
vertex 1126 4768 1952
vertex 1127 4800 1824
vertex 1128 4768 1792
vertex 1129 4768 1664
vertex 1130 4608 1664
vertex 1131 4608 1632
vertex 1132 4768 1632
vertex 1133 4640 1504
vertex 1134 4640 1472
vertex 1135 4288 1504
vertex 1136 4320 1472
vertex 1137 4160 2752
vertex 1138 4320 1216
vertex 1139 5280 1184
vertex 1140 5248 1184
vertex 1141 5120 1184
vertex 1142 5088 1216
vertex 1143 5280 1344
vertex 1144 5280 1376
vertex 1145 5280 1504
vertex 1146 5280 1536
vertex 1147 5088 1536
vertex 1148 5120 1536
vertex 1149 4800 1504
vertex 1150 4800 1472
vertex 1151 4928 1472
vertex 1152 4928 1216
vertex 1153 4960 1216
vertex 1154 4960 1504
vertex 1155 4768 1376
vertex 1156 4800 1344
vertex 1157 4448 1376
vertex 1158 4448 1344
vertex 1159 5440 1504
vertex 1160 5408 1536
vertex 1161 5248 1632
vertex 1162 4928 1632
vertex 1163 4928 1984
vertex 1164 5280 1984
vertex 1165 5280 1952
vertex 1166 4960 1952
vertex 1167 4960 1664
vertex 1168 5248 1664
vertex 1169 5248 1792
vertex 1170 5088 1792
vertex 1171 5088 1824
vertex 1172 5408 1824
vertex 1173 5408 1984
vertex 1174 5440 1984
vertex 1175 5440 1792
vertex 1176 5280 1792
vertex 1177 5408 1664
vertex 1178 5440 1632
vertex 1179 5568 1664
vertex 1180 5600 1632
vertex 1181 5568 1984
vertex 1182 5600 1952
vertex 1183 5728 1952
vertex 1184 5728 2944
vertex 1185 5728 1056
vertex 1186 5760 1056
vertex 1187 5728 1504
vertex 1188 5728 1536
vertex 1189 5568 1536
vertex 1190 5568 1504
vertex 1191 5600 1376
vertex 1192 5600 1184
vertex 1193 5568 1184
vertex 1194 5568 2144
vertex 1195 5568 2304
vertex 1196 5600 2304
vertex 1197 5600 2112
vertex 1198 5728 2112
vertex 1199 5728 2432
vertex 1200 5408 2432
vertex 1201 5408 2592
vertex 1202 5248 2592
vertex 1203 5248 2624
vertex 1204 5440 2624
vertex 1205 5440 2464
vertex 1206 5728 2464
vertex 1207 5728 2624
vertex 1208 5760 2624
vertex 1209 5760 2144
vertex 1210 5568 2592
vertex 1211 5600 2592
vertex 1212 5600 2752
vertex 1213 5568 2752
vertex 1214 5888 1536
vertex 1215 5760 2912
vertex 1216 5888 2144
vertex 1217 5888 1184
vertex 1218 5920 1056
vertex 1219 5920 1184
vertex 1220 5952 1216
vertex 1221 5952 1024
vertex 1222 6080 1216
vertex 1223 6112 1184
vertex 1224 6112 1056
vertex 1225 6080 1024
vertex 1226 4800 864
vertex 1227 4768 896
vertex 1228 4800 1056
vertex 1229 4928 1056
vertex 1230 4768 1024
vertex 1231 4960 1024
vertex 1232 4960 896
vertex 1233 5408 1056
vertex 1234 5728 2752
vertex 1235 5760 2784
vertex 1236 5568 2784
vertex 1237 5568 2912
vertex 1238 5600 2944
vertex 1239 5760 1984
vertex 1240 5888 2112
vertex 1241 5760 1536
vertex 1242 5888 2752
vertex 1243 3520 2624
vertex 1244 3520 2752
vertex 1245 3648 2752
vertex 1246 4288 1184
vertex 1247 4928 2112
vertex 1248 5088 2112
vertex 1249 5408 2112
vertex 1250 4480 1632
vertex 1251 3968 1984
vertex 1252 5248 1056
vertex 1253 3344 512
vertex 1254 3472 400
vertex 1255 2944 608
vertex 1256 2928 480
vertex 1257 2992 464
vertex 1258 3024 592
vertex 1259 3088 576
vertex 1260 3056 448
vertex 1261 3152 560
vertex 1262 3120 432
vertex 1263 3216 544
vertex 1264 3184 416
vertex 1265 3280 528
vertex 1266 3248 400
vertex 1267 3312 384
vertex 1268 3376 384
vertex 1269 3408 656
vertex 1270 3552 544
vertex 1271 3552 624
vertex 1272 3536 688
vertex 1273 3520 752
vertex 1274 3392 720
vertex 1275 3376 784
vertex 1276 3504 816
vertex 1277 3488 880
vertex 1278 3360 848
vertex 1279 3344 912
vertex 1280 3472 944
vertex 1281 3456 992
vertex 1282 3328 992
vertex 1283 3424 608
vertex 1284 3376 512
vertex 1285 3424 560
vertex 1286 3408 512
vertex 1287 3424 528
vertex 1288 3520 448
vertex 1289 3456 1248
vertex 1290 3328 1248
vertex 1291 3184 1248
vertex 1292 3168 1232
vertex 1293 3168 1008
vertex 1294 3184 992
vertex 1295 3488 992
vertex 1296 3504 1008
vertex 1297 3504 1232
vertex 1298 3488 1248
vertex 1299 3392 1248
vertex 1300 3408 1248
vertex 1301 3408 992
vertex 1302 3392 992
vertex 1303 3504 1136
vertex 1304 3504 1120
vertex 1305 3168 1136
vertex 1306 3168 1120
vertex 1307 3408 1136
vertex 1308 3392 1136
vertex 1309 3392 1120
vertex 1310 3408 1120
vertex 1311 3488 1184
vertex 1312 3488 1056
vertex 1313 3488 1138
vertex 1314 3502 1138
vertex 1315 3488 1118
vertex 1316 3502 1118
line-count 1558
line 0 0 1 30 0 0 24 0 3072 0 -13
line 1 1 2 1 0 0 24 0 3072 0 0
line 2 2 3 30 0 0 24 0 3072 0 -13
line 3 3 4 1 0 0 24 0 3072 0 0
line 4 4 5 30 0 0 24 0 3072 0 -13
line 5 5 6 1 0 0 24 0 3072 0 0
line 6 6 7 30 0 0 24 0 3072 0 -13
line 7 7 0 1 2 0 0 0 5242885 0 0
line 8 31 25 70 0 0 24 0 3072 0 0
line 9 11 10 6 1 0 0 0 5242880 0 0
line 10 26 14 62 0 0 24 0 3072 0 0
line 11 12 11 6 1 0 0 0 5242880 0 0
line 12 10 13 6 1 0 0 0 5242880 0 0
line 13 30 31 5 0 0 24 0 3072 0 -13
line 14 8 9 62 2 0 0 0 5242885 0 0
line 15 7 9 2 0 0 8 0 7168 0 0
line 16 13 12 6 1 0 0 0 5242880 0 0
line 17 32 27 7 29 0 0 0 5242885 0 0
line 18 22 315 62 70 0 8 0 3 0 0
line 19 32 30 29 0 0 8 0 7168 0 0
line 20 9 19 62 0 0 24 0 3072 0 -13
line 21 19 18 62 0 0 24 0 3072 0 0
line 22 14 8 62 0 0 24 0 3072 0 -13
line 23 872 858 76 77 0 0 0 5242880 0 0
line 24 20 23 71 70 0 0 0 5242880 0 0
line 25 21 20 4 5 0 0 0 5242880 0 0
line 26 874 21 4 5 0 0 0 5242880 0 0
line 27 41 45 30 7 0 0 0 0 0 0
line 28 15 26 70 0 0 24 0 3072 0 0
line 29 29 27 29 0 0 8 0 7168 0 0
line 30 8 0 2 0 0 8 0 7168 0 0
line 31 28 29 5 0 0 24 0 3072 0 -13
line 32 29 30 5 29 0 0 0 5242885 0 0
line 33 18 22 62 0 0 24 0 3072 0 -13
line 34 42 36 30 7 0 0 0 0 0 0
line 35 32 42 30 7 0 0 0 0 0 0
line 36 45 40 30 7 0 0 0 0 0 0
line 37 25 35 70 0 0 24 0 3072 0 -7
line 38 35 15 70 0 0 24 0 3072 0 -7
line 39 27 37 30 0 0 24 0 3072 0 -13
line 40 37 38 7 3 0 0 0 5242885 0 0
line 41 38 39 30 0 0 24 0 3072 0 -13
line 42 39 40 7 29 0 0 0 5242885 0 0
line 43 40 41 30 0 0 24 0 3072 0 -13
line 44 41 36 7 3 0 0 0 5242885 0 0
line 45 36 32 30 0 0 24 0 3072 0 -13
line 46 42 43 8 7 0 56 0 2097152 0 0
line 47 43 44 8 7 0 56 0 2097152 0 0
line 48 44 45 8 7 0 56 0 2097152 0 0
line 49 45 42 8 7 0 56 0 2097152 0 0
line 50 41 47 3 0 0 8 0 7168 0 0
line 51 46 47 86 3 0 0 0 5242885 0 0
line 52 46 36 3 0 0 8 0 7168 0 0
line 53 39 49 29 0 0 8 0 7168 0 0
line 54 48 49 85 29 0 0 0 5242885 0 0
line 55 48 40 29 0 0 8 0 7168 0 0
line 56 37 51 3 0 0 8 0 7168 0 0
line 57 50 51 5 3 0 0 0 5242885 0 0
line 58 50 38 3 0 0 8 0 7168 0 0
line 59 80 62 4 5 0 0 0 5242880 0 0
line 60 62 59 4 5 0 0 0 5242880 0 19
line 61 236 767 73 72 0 0 0 5242880 0 0
line 62 68 72 71 70 0 0 0 5242880 0 -7
line 63 72 70 71 70 0 0 0 5242880 0 -7
line 64 70 75 71 70 0 0 0 5242880 0 -32
line 65 75 74 71 70 0 0 0 5242880 0 0
line 66 74 67 71 70 0 0 0 5242880 0 -32
line 67 67 64 71 70 0 0 0 5242880 0 19
line 68 328 764 66 67 32 0 0 5242880 0 0
line 69 60 61 4 5 0 0 0 5242880 0 -7
line 70 61 63 4 5 0 0 0 5242880 0 -7
line 71 63 81 4 5 0 0 0 5242880 0 0
line 72 81 80 4 5 0 0 0 5242880 0 0
line 73 51 52 5 0 0 24 0 3072 0 -13
line 74 52 54 5 0 0 24 0 3072 0 0
line 75 54 55 5 0 0 24 0 3072 0 -13
line 76 55 69 70 0 0 24 0 3072 0 0
line 77 69 73 70 0 0 24 0 3072 0 -7
line 78 73 71 70 0 0 24 0 3072 0 -7
line 79 71 76 70 0 0 24 0 3072 0 0
line 80 76 78 70 0 0 24 0 3072 0 -13
line 81 78 79 70 9 0 0 0 5242885 0 0
line 82 79 77 70 0 0 24 0 3072 0 -13
line 83 77 66 70 0 0 24 0 3072 0 0
line 84 66 65 70 0 0 24 0 3072 0 -13
line 85 65 57 5 0 0 24 0 3072 0 0
line 86 57 58 5 0 0 24 0 3072 0 -7
line 87 58 56 5 0 0 24 0 3072 0 -7
line 88 56 53 5 0 0 24 0 3072 0 0
line 89 53 50 5 0 0 24 0 3072 0 -13
line 90 82 83 84 85 0 0 0 5242880 0 0
line 91 83 84 84 85 0 0 0 5242880 0 32
line 92 748 749 69 66 0 0 0 0 0 0
line 93 91 99 4 5 0 0 0 5242880 0 -7
line 94 99 97 4 5 0 0 0 5242880 0 -7
line 95 769 770 74 4 0 0 0 0 0 0
line 96 102 105 74 75 0 0 0 5242880 0 19
line 97 105 114 74 75 0 0 0 5242880 0 0
line 98 114 112 74 75 0 0 0 5242880 0 0
line 99 112 107 74 75 0 0 0 5242880 0 0
line 100 107 109 74 75 0 0 0 5242880 0 -7
line 101 109 101 74 75 0 0 0 5242880 0 -7
line 102 770 103 75 5 0 0 0 0 0 0
line 103 96 92 4 5 0 0 0 5242880 0 19
line 104 744 748 68 67 0 0 0 0 0 0
line 105 86 85 84 85 0 0 0 5242880 0 19
line 106 85 82 84 85 0 0 0 5242880 0 0
line 107 49 87 85 0 0 24 0 3072 0 -13
line 108 87 93 5 0 0 24 0 3072 0 0
line 109 93 100 5 0 0 24 0 3072 0 -7
line 110 100 98 5 0 0 24 0 3072 0 -7
line 111 98 103 5 0 0 24 0 3072 0 0
line 112 103 104 75 0 0 24 0 3072 0 -13
line 113 104 111 75 0 0 24 0 3072 0 0
line 114 111 113 75 0 0 24 0 3072 0 -13
line 115 113 115 75 9 0 0 0 5242885 0 0
line 116 115 116 75 0 0 24 0 3072 0 -13
line 117 116 108 75 0 0 24 0 3072 0 0
line 118 108 110 75 0 0 24 0 3072 0 -7
line 119 110 106 75 0 0 24 0 3072 0 -7
line 120 106 95 75 0 0 24 0 3072 0 0
line 121 95 94 5 0 0 24 0 3072 0 -13
line 122 94 90 85 0 0 24 0 3072 0 0
line 123 90 89 85 0 0 24 0 3072 0 -13
line 124 89 88 85 0 0 24 0 3072 0 0
line 125 88 48 85 0 0 24 0 3072 0 -13
line 126 78 117 9 0 0 8 0 7168 0 0
line 127 118 117 10 9 0 0 0 5242885 0 0
line 128 118 79 9 0 0 8 0 7168 0 0
line 129 113 119 9 0 0 8 0 7168 0 0
line 130 120 119 10 9 0 0 0 5242885 0 0
line 131 120 115 9 0 0 8 0 7168 0 0
line 132 117 121 30 0 0 24 0 3072 0 -13
line 133 121 122 10 14 0 24 0 3145731 0 0
line 134 142 141 13 0 0 24 0 3072 0 0
line 135 123 129 10 14 0 24 0 3145731 0 0
line 136 131 129 12 10 0 8 0 5242883 0 0
line 137 131 128 10 0 0 24 0 3072 0 0
line 138 128 118 30 0 0 24 0 3072 0 -13
line 139 119 127 30 0 0 24 0 3072 0 -13
line 140 127 132 10 0 0 24 0 3072 0 0
line 141 130 132 12 10 0 8 0 5242883 0 0
line 142 130 126 10 14 0 24 0 3145731 0 0
line 143 155 124 14 0 0 0 0 7168 0 0
line 144 125 124 10 14 0 24 0 3145731 0 0
line 145 124 120 30 0 0 24 0 3072 0 -13
line 146 133 134 11 10 0 0 0 5242880 0 0
line 147 134 135 11 10 0 0 0 5242880 0 0
line 148 135 136 11 10 0 0 0 5242880 0 0
line 149 136 133 11 10 0 0 0 5242880 0 0
line 150 137 138 11 10 0 0 0 5242880 0 0
line 151 138 139 11 10 0 0 0 5242880 0 0
line 152 139 140 11 10 0 0 0 5242880 0 0
line 153 140 137 11 10 0 0 0 5242880 0 0
line 154 129 143 12 0 0 24 0 3072 0 0
line 155 141 143 13 12 0 40 0 5242883 0 0
line 156 141 131 12 0 0 24 0 3072 0 0
line 157 143 144 13 0 0 24 0 3072 0 0
line 158 142 144 15 13 0 40 0 5242883 0 0
line 159 179 189 21 0 0 8 0 3072 0 0
line 160 191 180 21 0 0 8 0 3072 0 0
line 161 187 186 19 0 0 24 0 3072 0 0
line 162 121 145 14 0 0 0 0 7168 0 0
line 163 146 145 19 14 0 24 0 3145731 0 -4
line 164 148 147 19 14 0 24 0 3145731 0 -4
line 165 151 152 20 18 0 0 0 2097152 0 0
line 166 152 150 20 18 0 0 0 2097152 0 0
line 167 150 149 20 18 0 0 0 2097152 0 0
line 168 149 151 20 18 0 0 0 2097152 0 0
line 169 148 129 14 0 0 0 0 7168 0 0
line 170 130 157 14 0 0 0 0 7168 0 0
line 171 158 157 19 14 0 24 0 3145731 0 -4
line 172 188 187 19 0 0 24 0 3072 0 -13
line 173 184 148 19 0 0 24 0 3072 0 -1
line 174 190 188 19 0 0 24 0 3072 0 0
line 175 191 189 19 21 0 24 0 3145731 0 0
line 176 155 156 19 14 0 24 0 3145731 0 -4
line 177 185 184 19 0 0 24 0 3072 0 -8
line 178 186 185 19 0 0 24 0 3072 0 -13
line 179 189 190 19 0 0 24 0 3072 0 -13
line 180 144 167 15 0 0 24 0 3072 0 0
line 181 168 167 16 15 0 8 0 5242883 0 0
line 182 168 142 15 0 0 24 0 3072 0 0
line 183 167 170 16 0 0 24 0 3072 0 0
line 184 169 170 17 16 0 8 0 5242883 0 0
line 185 169 168 16 0 0 24 0 3072 0 0
line 186 170 175 17 0 0 24 0 3072 0 0
line 187 176 175 18 17 0 40 0 5242883 0 0
line 188 176 169 17 0 0 24 0 3072 0 0
line 189 132 161 12 0 0 24 0 3072 0 0
line 190 164 161 13 12 0 40 0 5242883 0 0
line 191 164 130 12 0 0 24 0 3072 0 0
line 192 161 162 13 0 0 24 0 3072 0 0
line 193 163 162 15 13 0 40 0 5242883 0 0
line 194 163 164 13 0 0 24 0 3072 0 0
line 195 162 165 15 0 0 24 0 3072 0 0
line 196 166 165 16 15 0 8 0 5242883 0 0
line 197 166 163 15 0 0 24 0 3072 0 0
line 198 165 172 16 0 0 24 0 3072 0 0
line 199 171 172 17 16 0 8 0 5242883 0 0
line 200 171 166 16 0 0 24 0 3072 0 0
line 201 172 173 17 0 0 24 0 3072 0 0
line 202 174 173 18 17 0 40 0 5242883 0 0
line 203 174 171 17 0 0 24 0 3072 0 0
line 204 173 178 32 0 0 24 0 3072 0 -13
line 205 178 177 18 34 0 24 0 3145733 5 0
line 206 177 176 32 0 0 24 0 3072 0 -13
line 207 175 179 32 0 0 24 0 3072 0 -13
line 208 179 180 18 21 0 40 0 3145731 0 0
line 209 180 174 32 0 0 24 0 3072 0 -13
line 210 154 159 19 0 0 24 0 3072 0 -13
line 211 159 153 19 0 0 24 0 3072 0 0
line 212 22 699 63 0 0 0 0 0 0 0
line 213 263 724 64 65 0 0 0 5242880 0 0
line 214 181 182 19 0 0 24 0 3072 0 0
line 215 182 183 19 0 0 24 0 3072 0 -13
line 216 436 434 68 0 0 8 0 3072 0 -13
line 217 157 160 19 0 0 24 0 3072 0 -1
line 218 160 196 19 0 0 24 0 3072 0 -8
line 219 196 195 19 0 0 24 0 3072 0 -13
line 220 195 194 19 0 0 24 0 3072 0 0
line 221 194 193 19 0 0 24 0 3072 0 -13
line 222 193 192 19 0 0 24 0 3072 0 0
line 223 192 191 19 0 0 24 0 3072 0 -13
line 224 126 125 30 14 0 24 0 3145731 0 -13
line 225 156 158 19 14 0 24 0 3145731 0 14
line 226 122 123 30 14 0 24 0 3145731 0 -13
line 227 147 146 19 14 0 24 0 3145731 0 14
line 228 47 198 86 0 0 24 0 3072 0 -13
line 229 22 875 70 0 0 24 0 3072 0 0
line 230 210 211 26 0 0 24 0 3072 0 -13
line 231 831 830 90 0 0 0 0 0 1024 0
line 232 231 234 76 77 0 0 0 5242880 0 -7
line 233 833 831 79 0 48 0 0 0 1024 0
line 234 212 213 26 0 0 24 0 3072 0 -13
line 235 213 226 26 0 0 24 0 3072 0 0
line 236 276 324 83 82 0 0 0 5242880 0 19
line 237 225 214 26 0 0 24 0 3072 0 0
line 238 214 215 26 0 0 24 0 3072 0 -13
line 239 215 222 26 0 0 24 0 3072 0 0
line 240 767 231 76 77 0 0 0 5242880 0 32
line 241 221 209 77 0 0 24 0 3072 0 0
line 242 209 208 26 0 0 24 0 3072 0 -13
line 243 208 197 26 0 0 24 0 3072 0 0
line 244 197 46 86 0 0 24 0 3072 0 -13
line 245 202 201 25 26 0 0 0 5242880 0 19
line 246 201 199 25 26 0 0 0 5242880 0 -64
line 247 199 200 87 86 0 0 0 5242880 0 0
line 248 875 28 5 0 0 24 0 3072 0 0
line 249 203 204 25 26 0 0 0 5242880 0 19
line 250 830 832 90 0 16 0 0 0 1024 0
line 251 234 224 76 77 0 0 0 5242880 0 -7
line 252 832 833 79 0 32 0 0 0 1024 0
line 253 205 206 25 26 0 0 0 5242880 0 19
line 254 206 228 25 26 0 0 0 5242880 0 0
line 255 867 866 84 4 0 0 0 0 0 0
line 256 227 207 25 26 0 0 0 5242880 0 -32
line 257 207 216 25 26 0 0 0 5242880 0 19
line 258 95 769 75 5 0 0 0 0 0 0
line 259 222 229 78 0 0 24 0 3072 0 -13
line 260 229 238 72 0 0 24 0 3072 0 0
line 261 238 244 72 0 0 24 0 3072 0 -13
line 262 287 277 24 0 0 8 0 7168 0 0
line 263 242 245 72 0 0 24 0 3072 0 0
line 264 834 254 90 0 16 0 0 0 1024 0
line 265 248 239 72 0 0 24 0 3072 0 0
line 266 239 237 72 0 0 24 0 3072 0 -13
line 267 237 232 77 0 0 24 0 3072 0 0
line 268 232 233 77 0 0 24 0 3072 0 -7
line 269 233 221 77 0 0 24 0 3072 0 -7
line 270 223 230 76 78 0 0 0 5242880 0 19
line 271 767 768 73 76 0 0 0 0 0 0
line 272 235 243 73 72 0 0 0 5242880 0 19
line 273 287 286 41 24 0 0 0 5242885 0 0
line 274 241 246 73 72 0 0 0 5242880 0 -32
line 275 246 247 73 72 0 0 0 5242880 0 0
line 276 247 240 73 72 0 0 0 5242880 0 -32
line 277 240 236 73 72 0 0 0 5242880 0 19
line 278 768 229 72 78 0 0 0 0 0 0
line 279 218 217 90 0 16 0 0 0 1024 0
line 280 558 702 39 0 0 24 0 7168 0 0
line 281 560 309 57 0 0 24 0 3072 0 -13
line 282 309 306 57 0 0 24 0 3072 0 0
line 283 306 308 57 0 0 24 0 3072 0 -13
line 284 308 307 57 0 0 24 0 3072 0 0
line 285 332 274 82 0 0 8 0 3072 0 -7
line 286 713 710 56 59 0 0 0 5242880 0 19
line 287 835 834 90 0 0 0 0 0 1024 0
line 288 87 867 85 5 0 0 0 0 0 0
line 289 266 258 80 64 0 0 0 0 0 0
line 290 555 276 83 82 0 0 0 5242880 0 32
line 291 253 218 90 0 0 0 0 0 1024 0
line 292 254 220 79 0 32 0 0 0 1024 0
line 293 220 835 79 0 48 0 0 0 1024 0
line 294 703 322 39 0 0 24 0 7168 0 0
line 295 267 561 54 57 0 0 0 5242880 0 19
line 296 703 702 82 39 0 0 0 5242885 0 0
line 297 559 262 54 57 0 0 0 5242880 0 19
line 298 702 557 82 0 0 8 0 3072 0 -13
line 299 274 272 82 0 0 8 0 3072 0 -7
line 300 264 263 54 57 0 0 0 5242880 0 32
line 301 718 713 56 59 0 0 0 5242880 0 32
line 302 255 267 54 57 0 0 0 5242880 0 32
line 303 705 703 82 0 0 8 0 3072 0 -13
line 304 704 555 83 82 0 0 0 5242880 0 0
line 305 307 290 57 0 0 24 0 3072 0 -13
line 306 271 273 83 82 0 0 0 5242880 0 -7
line 307 275 321 82 0 0 8 0 3072 0 -13
line 308 273 704 83 82 0 0 0 5242880 0 32
line 309 226 279 26 0 0 24 0 3072 0 -13
line 310 279 280 26 23 0 0 0 5242885 0 0
line 311 280 281 26 0 0 24 0 3072 0 -13
line 312 281 282 26 0 0 24 0 3072 0 0
line 313 282 225 26 0 0 24 0 3072 0 -13
line 314 228 285 25 26 0 0 0 5242880 0 32
line 315 285 284 25 26 0 0 0 5242880 0 0
line 316 284 283 25 26 0 0 0 5242880 0 0
line 317 283 227 25 26 0 0 0 5242880 0 19
line 318 279 289 23 0 0 8 0 7168 0 0
line 319 288 289 28 23 0 0 0 5242885 0 0
line 320 288 280 23 0 0 8 0 7168 0 0
line 321 245 278 72 0 0 24 0 3072 0 -13
line 322 278 277 72 24 0 0 0 5242885 0 0
line 323 277 248 72 0 0 24 0 3072 0 -13
line 324 278 286 24 0 0 8 0 7168 0 0
line 325 243 295 73 72 0 0 0 5242880 0 0
line 326 295 296 73 72 0 0 0 5242880 0 19
line 327 296 297 73 72 0 0 0 5242880 0 0
line 328 297 241 73 72 0 0 0 5242880 0 19
line 329 244 294 72 0 0 24 0 3072 0 0
line 330 294 293 72 0 0 24 0 3072 0 -13
line 331 293 292 72 0 0 24 0 3072 0 0
line 332 292 242 72 0 0 24 0 3072 0 -13
line 333 298 299 27 25 0 0 0 2097152 5 0
line 334 299 300 27 25 0 0 0 2097152 5 0
line 335 300 301 27 25 0 0 0 2097152 5 0
line 336 301 298 27 25 0 0 0 2097152 5 0
line 337 302 303 27 73 0 0 0 2097152 5 0
line 338 303 305 27 73 0 0 0 2097152 5 0
line 339 305 304 27 73 0 0 0 2097152 5 0
line 340 304 302 27 73 0 0 0 2097152 5 0
line 341 268 264 54 57 0 0 0 5242880 0 19
line 342 262 270 54 57 0 0 0 5242880 0 0
line 343 270 269 54 57 0 0 0 5242880 0 19
line 344 269 268 54 57 0 0 0 5242880 0 0
line 345 551 552 51 49 0 0 0 2097152 0 0
line 346 530 531 52 50 0 0 0 5242885 0 0
line 347 314 313 49 0 0 24 0 3072 0 -13
line 348 313 312 49 0 0 24 0 3072 0 0
line 349 312 311 49 0 0 24 0 3072 0 -13
line 350 530 526 50 0 0 24 0 7168 0 0
line 351 310 550 51 49 0 0 0 2097152 0 0
line 352 3 12 30 1 0 0 0 0 0 0
line 353 12 2 30 1 0 0 0 0 0 0
line 354 1 13 30 1 0 0 0 0 0 0
line 355 13 0 30 1 0 0 0 0 0 0
line 356 7 10 30 1 0 0 0 0 0 0
line 357 10 6 30 1 0 0 0 0 0 0
line 358 5 11 30 1 0 0 0 0 0 0
line 359 11 4 30 1 0 0 0 0 0 0
line 360 595 608 60 0 0 8 0 3072 0 -13
line 361 585 593 60 0 0 8 0 3072 0 -13
line 362 615 614 55 58 0 0 0 5242880 0 0
line 363 592 615 55 58 0 0 0 5242880 0 0
line 364 629 632 60 0 0 8 0 3072 0 -13
line 365 635 633 60 0 0 8 0 3072 0 -13
line 366 648 650 60 0 0 8 0 3072 0 -13
line 367 631 627 60 0 0 8 0 3072 0 -13
line 368 591 581 60 0 0 8 0 3072 0 -13
line 369 612 596 60 0 0 8 0 3072 0 -13
line 370 37 43 30 7 0 0 0 0 0 0
line 371 43 27 30 7 0 0 0 0 0 0
line 372 39 44 30 7 0 0 0 0 0 0
line 373 44 38 30 7 0 0 0 0 0 0
line 374 16 26 62 70 0 8 0 3 0 0
line 375 23 24 71 70 0 0 0 5242880 0 0
line 376 763 740 66 67 0 0 0 5242880 0 0
line 377 766 55 70 5 0 0 0 0 0 0
line 378 765 766 71 4 0 0 0 0 0 0
line 379 65 765 70 5 0 0 0 0 0 0
line 380 864 865 38 89 0 0 0 0 0 0
line 381 733 317 64 65 0 0 0 5242880 0 0
line 382 724 733 64 65 0 0 0 5242880 0 19
line 383 230 768 76 78 0 0 0 5242880 0 0
line 384 317 258 64 65 0 0 0 5242880 0 19
line 385 865 330 37 88 0 0 0 0 0 0
line 386 749 754 68 67 0 0 0 0 0 0
line 387 735 763 89 88 32 0 0 5242880 0 0
line 388 318 327 67 0 0 8 0 3072 0 -13
line 389 744 318 67 0 0 8 0 3072 0 0
line 390 771 223 76 78 0 0 0 5242880 0 0
line 391 222 771 26 78 0 0 0 0 0 0
line 392 331 202 25 26 0 0 0 5242880 0 0
line 393 216 771 25 26 0 0 0 5242880 0 32
line 394 272 705 82 0 0 8 0 3072 0 0
line 395 263 255 54 64 0 0 0 0 0 0
line 396 290 263 57 65 0 0 0 0 0 0
line 397 255 291 57 22 0 0 0 0 0 0
line 398 97 770 4 5 0 0 0 5242880 0 32
line 399 770 102 74 75 0 0 0 5242880 0 0
line 400 101 769 74 75 0 0 0 5242880 0 0
line 401 769 96 4 5 0 0 0 5242880 0 32
line 402 127 137 30 10 0 0 0 0 0 0
line 403 137 119 30 10 0 0 0 0 0 0
line 404 120 140 30 10 0 0 0 0 0 0
line 405 140 124 30 10 0 0 0 0 0 0
line 406 125 139 30 10 0 0 0 0 0 0
line 407 139 126 30 10 0 0 0 0 0 0
line 408 123 134 30 10 0 0 0 0 0 0
line 409 134 122 30 10 0 0 0 0 0 0
line 410 121 133 30 10 0 0 0 0 0 0
line 411 133 117 30 10 0 0 0 0 0 0
line 412 118 136 30 10 0 0 0 0 0 0
line 413 136 128 30 10 0 0 0 0 0 0
line 414 176 150 32 18 0 0 0 0 0 0
line 415 150 177 32 18 0 0 0 0 0 0
line 416 178 152 32 18 0 0 0 0 0 0
line 417 152 173 32 18 0 0 0 0 0 0
line 418 179 149 32 18 0 0 0 0 0 0
line 419 149 175 32 18 0 0 0 0 0 0
line 420 174 151 32 18 0 0 0 0 0 0
line 421 151 180 32 18 0 0 0 0 0 0
line 422 450 441 37 0 0 8 0 3072 0 0
line 423 441 440 37 0 0 8 0 3072 0 -13
line 424 452 450 37 0 0 8 0 3072 0 -13
line 425 469 452 37 0 0 8 0 3072 0 0
line 426 690 679 63 0 0 0 0 0 3072 0
line 427 691 690 63 0 0 0 0 0 3072 0
line 428 325 330 88 0 0 8 0 3072 0 -13
line 429 237 767 72 77 0 0 0 0 0 0
line 430 734 735 89 88 0 0 0 5242880 0 19
line 431 731 725 64 22 0 0 0 5242880 0 -7
line 432 680 691 63 0 0 0 0 0 3072 0
line 433 765 60 4 5 0 0 0 5242880 0 32
line 434 488 17 37 0 0 8 0 3072 0 -13
line 435 482 488 37 0 0 8 0 3072 0 0
line 436 487 484 38 37 0 0 0 5242880 0 0
line 437 486 487 38 37 0 0 0 5242880 0 19
line 438 444 482 37 0 0 8 0 3072 0 -13
line 439 484 446 38 37 0 0 0 5242880 0 19
line 440 483 486 38 37 0 0 0 5242880 0 0
line 441 443 483 38 37 0 0 0 5242880 0 19
line 442 480 481 52 35 0 0 0 5242885 0 0
line 443 460 481 35 0 0 24 0 7168 0 0
line 444 478 477 37 0 0 8 0 3072 0 -13
line 445 479 478 37 36 0 0 0 5242885 0 0
line 446 467 474 37 0 0 8 0 3072 0 0
line 447 474 479 37 0 0 8 0 3072 0 -13
line 448 331 209 26 77 0 0 0 0 0 0
line 449 771 331 25 76 0 0 0 0 0 0
line 450 860 857 76 80 0 0 0 0 0 0
line 451 729 731 64 22 0 0 0 5242880 0 -7
line 452 466 467 37 0 0 8 0 3072 0 -13
line 453 463 466 37 0 0 8 0 3072 0 0
line 454 461 463 37 0 0 8 0 3072 0 -13
line 455 460 461 37 35 0 0 0 5242885 0 0
line 456 710 564 56 59 0 0 0 5242880 0 32
line 457 754 753 68 0 0 8 0 3072 0 -13
line 458 857 855 78 81 0 0 0 0 0 0
line 459 330 444 37 0 0 8 0 3072 0 0
line 460 662 685 63 0 0 0 0 0 3072 0
line 461 685 661 63 0 0 0 0 0 3072 0
line 462 335 155 19 0 0 24 0 3072 0 8
line 463 153 335 19 0 0 24 0 3072 0 6
line 464 489 490 89 88 0 0 0 5242880 0 19
line 465 224 331 76 77 0 0 0 5242880 0 32
line 466 456 460 37 0 0 8 0 3072 0 -13
line 467 459 456 37 0 0 8 0 3072 0 0
line 468 145 381 19 0 0 24 0 3072 0 8
line 469 381 181 19 0 0 24 0 3072 0 -13
line 470 183 382 19 0 0 24 0 3072 0 0
line 471 382 383 19 0 0 24 0 3072 0 -13
line 472 383 339 19 0 0 24 0 3072 0 0
line 473 339 338 19 0 0 24 0 3072 0 -13
line 474 338 154 19 0 0 24 0 3072 0 0
line 475 389 340 19 33 0 24 0 1 5242880 32
line 476 337 388 19 33 0 24 0 1 5242880 32
line 477 340 337 19 33 0 24 0 1 5242880 32
line 478 388 389 19 33 0 24 0 1 5242880 32
line 479 341 344 19 33 0 24 0 1 5242880 32
line 480 344 343 19 33 0 24 0 1 5242880 32
line 481 343 342 19 33 0 24 0 1 5242880 32
line 482 342 341 19 33 0 24 0 1 5242880 32
line 483 349 352 19 33 0 24 0 1 5242880 32
line 484 352 351 19 33 0 24 0 1 5242880 32
line 485 351 350 19 33 0 24 0 1 5242880 32
line 486 350 349 19 33 0 24 0 1 5242880 32
line 487 345 346 19 33 0 24 0 1 5242880 32
line 488 346 347 19 33 0 24 0 1 5242880 32
line 489 347 348 19 33 0 24 0 1 5242880 32
line 490 348 345 19 33 0 24 0 1 5242880 32
line 491 353 354 19 33 0 24 0 1 5242880 32
line 492 354 355 19 33 0 24 0 1 5242880 32
line 493 355 356 19 33 0 24 0 1 5242880 32
line 494 356 353 19 33 0 24 0 1 5242880 32
line 495 357 358 19 33 0 24 0 1 5242880 32
line 496 358 359 19 33 0 24 0 1 5242880 32
line 497 359 360 19 33 0 24 0 1 5242880 32
line 498 360 357 19 33 0 24 0 1 5242880 32
line 499 361 362 19 33 0 24 0 1 5242880 32
line 500 362 364 19 33 0 24 0 1 5242880 32
line 501 364 363 19 33 0 24 0 1 5242880 32
line 502 363 361 19 33 0 24 0 1 5242880 32
line 503 365 366 19 33 0 24 0 1 5242880 32
line 504 366 367 19 33 0 24 0 1 5242880 32
line 505 367 368 19 33 0 24 0 1 5242880 32
line 506 368 365 19 33 0 24 0 1 5242880 32
line 507 373 374 19 33 0 24 0 1 5242880 32
line 508 374 375 19 33 0 24 0 1 5242880 32
line 509 375 376 19 33 0 24 0 1 5242880 32
line 510 376 373 19 33 0 24 0 1 5242880 32
line 511 377 378 19 33 0 24 0 1 5242880 32
line 512 378 380 19 33 0 24 0 1 5242880 32
line 513 380 379 19 33 0 24 0 1 5242880 32
line 514 379 377 19 33 0 24 0 1 5242880 32
line 515 370 369 19 33 0 24 0 1 5242880 32
line 516 369 372 19 33 0 24 0 1 5242880 32
line 517 372 371 19 33 0 24 0 1 5242880 32
line 518 371 370 19 33 0 24 0 1 5242880 32
line 519 384 387 19 33 0 24 0 1 5242880 32
line 520 387 386 19 33 0 24 0 1 5242880 32
line 521 386 385 19 33 0 24 0 1 5242880 32
line 522 385 384 19 33 0 24 0 1 5242880 32
line 523 390 393 19 33 0 24 0 1 5242880 32
line 524 393 392 19 33 0 24 0 1 5242880 32
line 525 392 391 19 33 0 24 0 1 5242880 32
line 526 391 390 19 33 0 24 0 1 5242880 32
line 527 394 397 19 33 0 24 0 1 5242880 32
line 528 397 396 19 33 0 24 0 1 5242880 32
line 529 396 395 19 33 0 24 0 1 5242880 32
line 530 395 394 19 33 0 24 0 1 5242880 32
line 531 398 401 19 33 0 24 0 1 5242880 32
line 532 401 400 19 33 0 24 0 1 5242880 32
line 533 400 399 19 33 0 24 0 1 5242880 32
line 534 399 398 19 33 0 24 0 1 5242880 32
line 535 402 405 19 33 0 24 0 1 5242880 32
line 536 405 403 19 33 0 24 0 1 5242880 32
line 537 403 404 19 33 0 24 0 1 5242880 32
line 538 404 402 19 33 0 24 0 1 5242880 32
line 539 407 408 19 33 0 24 0 1 5242880 32
line 540 408 409 19 33 0 24 0 1 5242880 32
line 541 409 406 19 33 0 24 0 1 5242880 32
line 542 406 407 19 33 0 24 0 1 5242880 32
line 543 410 411 19 33 0 24 0 1 5242880 32
line 544 411 413 19 33 0 24 0 1 5242880 32
line 545 413 412 19 33 0 24 0 1 5242880 32
line 546 412 410 19 33 0 24 0 1 5242880 32
line 547 414 415 19 33 0 24 0 1 5242880 32
line 548 415 416 19 33 0 24 0 1 5242880 32
line 549 416 417 19 33 0 24 0 1 5242880 32
line 550 417 414 19 33 0 24 0 1 5242880 32
line 551 418 419 19 33 0 24 0 1 5242880 32
line 552 419 421 19 33 0 24 0 1 5242880 32
line 553 421 420 19 33 0 24 0 1 5242880 32
line 554 420 418 19 33 0 24 0 1 5242880 32
line 555 424 425 19 33 0 24 0 1 5242880 32
line 556 425 423 19 33 0 24 0 1 5242880 32
line 557 423 422 19 33 0 24 0 1 5242880 32
line 558 422 424 19 33 0 24 0 1 5242880 32
line 559 428 429 19 33 0 24 0 1 5242880 32
line 560 429 427 19 33 0 24 0 1 5242880 32
line 561 427 426 19 33 0 24 0 1 5242880 32
line 562 426 428 19 33 0 24 0 1 5242880 32
line 563 432 433 19 33 0 24 0 1 5242880 32
line 564 433 431 19 33 0 24 0 1 5242880 32
line 565 431 430 19 33 0 24 0 1 5242880 32
line 566 430 432 19 33 0 24 0 1 5242880 32
line 567 178 435 34 0 0 24 0 7168 0 0
line 568 434 435 68 34 0 0 0 5242885 0 0
line 569 434 177 34 0 0 24 0 7168 0 0
line 570 17 485 37 0 0 8 0 3072 0 0
line 571 479 449 36 0 0 24 0 7168 0 0
line 572 480 461 35 0 0 24 0 7168 0 0
line 573 446 454 38 37 0 0 0 5242880 0 0
line 574 454 458 38 37 0 0 0 5242880 0 19
line 575 451 445 38 37 0 0 0 5242880 0 0
line 576 445 442 38 37 0 0 0 5242880 0 19
line 577 725 255 64 22 0 0 0 5242880 0 0
line 578 439 438 69 68 0 0 0 5242880 0 0
line 579 458 455 38 37 0 0 0 5242880 0 0
line 580 455 462 38 37 0 0 0 5242880 0 0
line 581 462 465 38 37 0 0 0 5242880 0 0
line 582 465 468 38 37 0 0 0 5242880 0 19
line 583 468 476 38 37 0 0 0 5242880 0 0
line 584 476 475 38 37 0 0 0 5242880 0 0
line 585 475 470 38 37 0 0 0 5242880 0 0
line 586 470 472 38 37 0 0 0 5242880 0 -7
line 587 472 464 38 37 0 0 0 5242880 0 -7
line 588 464 453 38 37 0 0 0 5242880 0 0
line 589 453 451 38 37 0 0 0 5242880 0 19
line 590 435 437 68 0 0 8 0 3072 0 -13
line 591 485 447 37 0 0 8 0 3072 0 -13
line 592 448 478 36 0 0 24 0 7168 0 0
line 593 448 449 40 36 0 0 0 3145733 0 0
line 594 447 457 37 0 0 8 0 3072 0 0
line 595 457 459 37 0 0 8 0 3072 0 -13
line 596 477 471 37 0 0 8 0 3072 0 0
line 597 471 473 37 0 0 8 0 3072 0 -7
line 598 473 469 37 0 0 8 0 3072 0 -7
line 599 449 492 40 0 0 8 0 3072 0 -13
line 600 492 494 40 0 0 8 0 3072 0 0
line 601 495 497 41 0 0 8 0 3072 0 -7
line 602 491 287 41 0 0 8 0 3072 0 -13
line 603 494 495 41 0 0 8 0 3072 0 -3
line 604 504 501 40 91 0 8 0 3 0 -13
line 605 493 491 41 0 0 8 0 3072 0 0
line 606 509 510 48 47 0 32 0 3 0 -7
line 607 512 515 47 46 0 0 0 3 0 -7
line 608 286 499 41 0 0 8 0 3072 0 -13
line 609 831 811 79 90 0 0 0 0 1 0
line 610 500 501 91 0 0 8 0 3072 0 -13
line 611 501 525 40 0 0 8 0 3072 0 0
line 612 525 524 40 0 0 8 0 3072 0 -13
line 613 524 523 40 0 0 8 0 14336 0 0
line 614 523 522 40 0 0 8 0 14336 0 19
line 615 522 521 40 0 0 8 0 14336 0 0
line 616 521 520 40 0 0 8 0 3072 0 -13
line 617 520 498 40 0 0 8 0 3072 0 0
line 618 498 448 40 0 0 8 0 3072 0 -13
line 619 507 508 40 48 0 0 0 5 5242880 0
line 620 509 507 40 48 0 0 0 5 5242880 0
line 621 512 509 40 47 0 8 0 3 5242880 27
line 622 512 519 46 41 0 8 0 5242883 0 -7
line 623 519 518 45 41 0 8 0 5242883 0 19
line 624 518 513 44 41 0 8 0 5242883 0 -7
line 625 513 505 43 41 0 8 0 5242883 0 27
line 626 505 502 42 41 0 0 0 5242885 0 32
line 627 502 511 42 41 0 0 0 5242885 0 32
line 628 511 496 42 41 0 0 0 5242885 0 0
line 629 496 503 42 41 0 0 0 5242885 0 0
line 630 503 504 42 91 0 0 0 5242885 0 19
line 631 506 504 40 42 0 8 0 3 5242880 0
line 632 514 506 40 43 0 8 0 3 5242880 27
line 633 517 514 40 44 0 8 0 3 5242880 -7
line 634 516 517 40 45 0 8 0 3 5242880 -26
line 635 515 516 40 46 0 8 0 3 5242880 -7
line 636 510 515 40 47 0 8 0 3 5242880 27
line 637 508 510 40 48 0 0 0 5 5242880 0
line 638 505 506 43 42 0 0 0 3 0 -7
line 639 513 514 44 43 0 32 0 3 0 -7
line 640 518 517 45 44 0 16 0 3 0 -7
line 641 519 516 46 45 0 0 0 3 0 -7
line 642 497 493 41 0 0 8 0 3072 0 -3
line 643 494 512 40 41 0 8 0 3 0 0
line 644 311 531 50 0 0 24 0 7168 0 0
line 645 311 526 49 50 0 24 0 3145733 0 0
line 646 554 553 28 23 0 0 0 5242885 0 0
line 647 527 528 49 23 0 24 0 5242883 0 0
line 648 554 528 23 0 0 8 0 7168 0 0
line 649 529 314 49 0 0 24 0 3072 0 0
line 650 552 310 51 49 0 0 0 2097152 0 0
line 651 550 551 51 49 0 0 0 2097152 0 0
line 652 531 537 52 0 0 8 0 3072 0 -13
line 653 537 538 52 0 0 8 0 3072 0 0
line 654 538 539 52 0 0 8 0 3072 0 -13
line 655 539 536 52 0 0 8 0 3072 0 0
line 656 536 535 52 0 0 8 0 3072 0 -13
line 657 535 534 52 0 0 8 0 3072 0 0
line 658 534 480 52 0 0 8 0 3072 0 -13
line 659 481 533 52 0 0 8 0 3072 0 -13
line 660 533 532 52 0 0 8 0 3072 0 0
line 661 532 530 52 0 0 8 0 3072 0 -13
line 662 549 546 53 52 0 0 0 5242880 0 0
line 663 546 545 53 52 0 0 0 5242880 0 19
line 664 545 544 53 52 0 0 0 5242880 0 0
line 665 544 543 53 52 0 0 0 5242880 0 19
line 666 543 540 53 52 0 0 0 5242880 0 0
line 667 540 541 53 52 0 0 0 5242880 0 0
line 668 541 542 53 52 0 0 0 5242880 0 32
line 669 542 547 53 52 0 0 0 5242880 0 0
line 670 547 548 53 52 0 0 0 5242880 0 32
line 671 548 549 53 52 0 0 0 5242880 0 0
line 672 527 553 23 0 0 8 0 7168 0 0
line 673 553 288 28 0 0 24 0 3072 0 0
line 674 289 554 28 0 0 24 0 3072 0 0
line 675 526 527 49 0 0 24 0 3072 0 -13
line 676 528 529 49 0 0 24 0 3072 0 -13
line 677 692 683 63 0 0 0 0 0 3072 0
line 678 693 692 63 0 0 0 0 0 3072 0
line 679 563 565 59 0 0 8 0 3072 0 -13
line 680 565 580 59 0 0 8 0 3072 0 0
line 681 580 568 59 0 0 8 0 3072 0 -7
line 682 568 579 59 0 0 8 0 3072 0 -7
line 683 640 637 56 60 32 8 0 5242880 10485760 0
line 684 625 623 58 0 0 24 0 3072 0 0
line 685 700 701 63 0 0 0 0 0 0 0
line 686 581 582 60 59 0 8 0 3145728 0 0
line 687 581 576 59 0 0 8 0 3072 0 0
line 688 576 575 59 0 0 8 0 3072 0 -13
line 689 575 572 59 0 0 8 0 3072 0 0
line 690 572 570 59 0 0 8 0 3072 0 -13
line 691 570 585 59 0 0 8 0 3072 0 0
line 692 586 585 60 59 0 8 0 3145728 0 0
line 693 569 586 56 59 0 0 0 5242880 0 0
line 694 623 621 58 0 0 24 0 3072 0 -13
line 695 701 22 63 0 0 0 0 0 0 0
line 696 699 700 63 0 0 0 0 0 0 0
line 697 684 693 63 0 0 0 0 0 3072 0
line 698 679 680 63 0 0 0 0 0 3072 0
line 699 564 566 56 59 0 0 0 5242880 0 19
line 700 566 573 56 59 0 0 0 5242880 0 32
line 701 573 567 56 59 0 0 0 5242880 0 -7
line 702 567 578 56 59 0 0 0 5242880 0 -7
line 703 638 659 56 60 0 8 0 5242880 10485760 0
line 704 582 577 56 59 0 0 0 5242880 0 0
line 705 577 574 56 59 0 0 0 5242880 0 19
line 706 574 571 56 59 0 0 0 5242880 0 0
line 707 571 569 56 59 0 0 0 5242880 0 19
line 708 557 275 82 0 0 8 0 3072 0 0
line 709 561 606 54 57 0 0 0 5242880 0 0
line 710 606 605 54 57 0 0 0 5242880 0 19
line 711 605 604 54 57 0 0 0 5242880 0 0
line 712 604 603 54 57 0 0 0 5242880 0 19
line 713 603 602 54 57 0 0 0 5242880 0 0
line 714 602 601 54 57 0 0 0 5242880 0 19
line 715 601 600 54 57 0 0 0 5242880 0 0
line 716 600 599 54 57 0 0 0 5242880 0 19
line 717 599 559 54 57 0 0 0 5242880 0 0
line 718 291 562 57 0 0 24 0 3072 0 -13
line 719 562 590 57 0 0 24 0 3072 0 0
line 720 590 591 57 0 0 24 0 3072 0 -13
line 721 596 591 60 57 0 24 0 10 3145728 0
line 722 596 597 57 0 0 24 0 3072 0 -13
line 723 597 618 57 0 0 24 0 3072 0 0
line 724 618 619 57 0 0 24 0 3072 0 -13
line 725 619 620 57 61 0 0 0 5242885 0 0
line 726 620 617 57 0 0 24 0 3072 0 -13
line 727 617 598 57 0 0 24 0 3072 0 0
line 728 598 595 57 0 0 24 0 3072 0 -13
line 729 593 595 60 57 0 24 0 10 3145728 0
line 730 593 589 57 0 0 24 0 3072 0 -13
line 731 589 560 57 0 0 24 0 3072 0 0
line 732 323 271 83 82 0 0 0 5242880 0 -7
line 733 650 659 60 59 0 8 0 3145728 0 -13
line 734 638 631 60 59 0 8 0 3145728 0 0
line 735 645 644 56 59 0 0 0 5242880 0 19
line 736 644 642 56 59 0 0 0 5242880 0 0
line 737 642 641 56 59 0 0 0 5242880 0 19
line 738 641 640 56 59 0 0 0 5242880 0 0
line 739 649 607 55 58 0 0 0 5242880 0 0
line 740 655 639 56 59 0 0 0 5242880 0 32
line 741 607 594 55 58 0 0 0 5242880 0 19
line 742 637 613 56 59 0 0 0 5242880 0 32
line 743 613 582 56 60 0 8 0 5242880 10485760 0
line 744 586 609 56 60 0 8 0 5242880 10485760 0
line 745 609 638 56 59 0 0 0 5242880 0 32
line 746 34 588 59 0 0 8 0 3072 0 -13
line 747 654 34 59 0 0 8 0 3072 0 0
line 748 639 587 56 59 0 0 0 5242880 0 19
line 749 659 658 56 59 0 0 0 5242880 0 0
line 750 658 657 56 59 0 0 0 5242880 0 19
line 751 657 656 56 59 0 0 0 5242880 0 0
line 752 656 655 56 59 0 0 0 5242880 0 19
line 753 578 645 56 59 0 0 0 5242880 0 0
line 754 579 646 59 0 0 8 0 3072 0 0
line 755 633 616 58 0 0 24 0 3072 0 -13
line 756 633 629 60 58 0 24 0 10 3145728 0
line 757 626 629 58 0 0 24 0 3072 0 -13
line 758 613 612 60 59 0 8 0 3145728 0 0
line 759 650 651 59 0 0 8 0 3072 0 0
line 760 651 652 59 0 0 8 0 3072 0 -13
line 761 652 653 59 0 0 8 0 3072 0 0
line 762 653 654 59 0 0 8 0 3072 0 -13
line 763 628 649 55 58 0 0 0 5242880 0 19
line 764 614 628 55 58 0 0 0 5242880 0 0
line 765 640 635 60 59 0 8 0 3145728 0 -13
line 766 632 637 60 59 0 8 0 3145728 0 0
line 767 646 647 59 0 0 8 0 3072 0 -13
line 768 647 643 59 0 0 8 0 3072 0 0
line 769 643 636 59 0 0 8 0 3072 0 -13
line 770 636 635 59 0 0 8 0 3072 0 0
line 771 616 584 58 0 0 24 0 3072 0 0
line 772 583 610 58 0 0 24 0 3072 0 0
line 773 584 583 58 92 0 24 0 1048577 0 0
line 774 632 612 59 0 0 8 0 3072 0 0
line 775 610 648 58 0 0 24 0 3072 0 -13
line 776 594 634 55 58 0 0 0 5242880 0 0
line 777 627 648 60 58 0 24 0 10 3145728 0
line 778 608 631 59 0 0 8 0 3072 0 0
line 779 624 626 58 0 0 24 0 3072 0 0
line 780 622 624 58 0 0 24 0 3072 0 -13
line 781 619 622 61 0 0 8 0 7168 0 0
line 782 621 622 58 61 0 0 0 5242885 0 0
line 783 621 620 61 0 0 8 0 7168 0 0
line 784 608 609 60 59 0 8 0 3145728 0 0
line 785 627 625 58 0 0 24 0 3072 0 -13
line 786 634 630 55 58 0 0 0 5242880 0 19
line 787 630 611 55 58 0 0 0 5242880 0 0
line 788 611 592 55 58 0 0 0 5242880 0 19
line 789 16 315 70 62 0 8 0 5242880 3 0
line 790 681 677 63 0 0 0 0 0 3072 0
line 791 661 667 63 0 0 0 0 0 3072 0
line 792 667 662 63 0 0 0 0 0 3072 0
line 793 687 682 63 0 0 0 0 0 3072 0
line 794 663 668 63 0 0 0 0 0 3072 0
line 795 668 673 63 0 0 0 0 0 3072 0
line 796 673 671 63 0 0 0 0 0 3072 0
line 797 670 672 63 0 0 0 0 0 3072 0
line 798 672 669 63 0 0 0 0 0 3072 0
line 799 669 664 63 0 0 0 0 0 3072 0
line 800 676 675 63 0 0 0 0 0 3072 0
line 801 665 666 63 0 0 0 0 0 3072 0
line 802 666 660 63 0 0 0 0 0 3072 0
line 803 671 663 63 0 0 0 0 0 3072 0
line 804 675 686 63 0 0 0 0 0 3072 0
line 805 686 695 63 0 0 0 0 0 3072 0
line 806 695 676 63 0 0 0 0 0 3072 0
line 807 688 674 63 0 0 0 0 0 3072 0
line 808 677 694 63 0 0 0 0 0 3072 0
line 809 694 698 63 0 0 0 0 0 3072 0
line 810 698 681 63 0 0 0 0 0 3072 0
line 811 660 33 63 0 0 0 0 0 3072 0
line 812 682 697 63 0 0 0 0 0 3072 0
line 813 697 696 63 0 0 0 0 0 3072 0
line 814 696 687 63 0 0 0 0 0 3072 0
line 815 674 678 63 0 0 0 0 0 3072 0
line 816 664 670 63 0 0 0 0 0 3072 0
line 817 33 665 63 0 0 0 0 0 3072 0
line 818 689 688 63 0 0 0 0 0 3072 0
line 819 678 689 63 0 0 0 0 0 3072 0
line 820 683 684 63 0 0 0 0 0 3072 0
line 821 588 712 59 0 0 8 0 3072 0 0
line 822 712 717 59 0 0 8 0 3072 0 -7
line 823 717 715 59 0 0 8 0 3072 0 -7
line 824 715 722 59 0 0 8 0 3072 0 0
line 825 722 260 59 0 0 8 0 3072 0 -7
line 826 260 259 59 0 0 8 0 3072 0 -7
line 827 259 556 59 0 0 8 0 3072 0 0
line 828 556 558 59 0 0 8 0 3072 0 -13
line 829 558 322 59 39 0 0 0 5242885 0 0
line 830 322 336 59 0 0 8 0 3072 0 -13
line 831 336 706 59 0 0 8 0 3072 0 0
line 832 706 707 59 0 0 8 0 3072 0 -13
line 833 707 709 59 0 0 8 0 3072 0 0
line 834 709 708 59 0 0 8 0 3072 0 -13
line 835 708 563 59 0 0 8 0 3072 0 0
line 836 587 711 56 59 0 0 0 5242880 0 32
line 837 711 716 56 59 0 0 0 5242880 0 -7
line 838 716 714 56 59 0 0 0 5242880 0 -7
line 839 714 721 56 59 0 0 0 5242880 0 32
line 840 721 261 56 59 0 0 0 5242880 0 -7
line 841 261 720 56 59 0 0 0 5242880 0 -7
line 842 720 333 56 59 0 0 0 5242880 0 0
line 843 333 334 56 59 0 0 0 5242880 0 0
line 844 334 719 56 59 0 0 0 5242880 0 0
line 845 719 718 56 59 0 0 0 5242880 0 19
line 846 64 765 71 70 0 0 0 5242880 0 0
line 847 257 320 22 0 0 24 0 3072 0 -7
line 848 320 319 22 0 0 24 0 3072 0 -7
line 849 319 730 22 0 0 24 0 3072 0 0
line 850 730 732 22 0 0 24 0 3072 0 -7
line 851 732 726 22 0 0 24 0 3072 0 -7
line 852 726 291 22 0 0 24 0 3072 0 0
line 853 290 723 65 0 0 24 0 3072 0 0
line 854 723 727 65 0 0 24 0 3072 0 -13
line 855 727 316 65 0 0 24 0 3072 0 0
line 856 316 265 81 0 0 24 0 3072 0 -13
line 857 766 68 71 70 0 0 0 5242880 0 32
line 858 768 235 73 72 0 0 0 5242880 0 32
line 859 266 256 64 22 0 0 0 5242880 0 -7
line 860 256 728 64 22 0 0 0 5242880 0 -7
line 861 728 729 64 22 0 0 0 5242880 0 0
line 862 838 860 77 81 0 0 0 0 0 0
line 863 736 737 88 0 0 8 0 3072 0 -13
line 864 737 738 67 0 0 8 0 3072 0 0
line 865 738 739 67 0 0 8 0 3072 0 -7
line 866 739 326 67 0 0 8 0 3072 0 -7
line 867 753 436 68 0 0 8 0 3072 0 0
line 868 740 741 66 67 0 0 0 5242880 0 -7
line 869 741 329 66 67 0 0 0 5242880 0 -7
line 870 742 328 66 67 0 0 0 5242880 0 -13
line 871 503 880 91 41 0 0 0 0 0 0
line 872 437 760 68 0 0 8 0 3072 0 0
line 873 760 762 68 0 0 8 0 3072 0 -7
line 874 762 758 68 0 0 8 0 3072 0 -7
line 875 758 747 68 0 0 8 0 3072 0 0
line 876 747 744 68 0 0 8 0 3072 0 -13
line 877 880 500 91 0 0 8 0 3072 0 0
line 878 438 759 69 68 0 0 0 5242880 0 0
line 879 759 761 69 68 0 0 0 5242880 0 -7
line 880 761 757 69 68 0 0 0 5242880 0 -7
line 881 757 748 69 68 0 0 0 5242880 0 0
line 882 748 745 66 67 0 0 0 5242880 0 19
line 883 745 742 66 67 0 0 0 5242880 0 32
line 884 329 746 66 67 0 0 0 5242880 0 32
line 885 746 752 66 67 0 0 0 5242880 0 -7
line 886 752 749 66 67 0 0 0 5242880 0 -7
line 887 749 755 69 68 0 0 0 5242880 0 0
line 888 755 756 69 68 0 0 0 5242880 0 19
line 889 756 439 69 68 0 0 0 5242880 0 0
line 890 326 743 67 0 0 8 0 3072 0 0
line 891 743 751 67 0 0 8 0 3072 0 -7
line 892 751 750 67 0 0 8 0 3072 0 -7
line 893 750 754 67 0 0 8 0 3072 0 0
line 894 737 763 88 67 0 0 0 0 0 0
line 895 763 764 89 66 0 0 0 0 0 0
line 896 764 327 88 67 0 0 0 0 0 0
line 897 59 766 4 5 0 0 0 5242880 0 0
line 898 265 774 81 0 0 24 0 3072 0 0
line 899 774 332 82 0 0 8 0 3072 0 0
line 900 321 773 82 0 0 8 0 3072 0 0
line 901 868 257 22 0 0 24 0 3072 0 0
line 902 249 772 26 0 0 24 0 3072 0 0
line 903 772 325 82 0 0 8 0 3072 0 0
line 904 876 199 87 25 0 0 0 0 0 0
line 905 866 94 85 5 0 0 0 0 0 0
line 906 250 251 25 26 0 0 0 5242880 0 0
line 907 199 197 86 26 0 0 0 0 0 0
line 908 778 779 83 82 0 0 0 5242880 0 0
line 909 779 489 83 82 0 0 0 5242880 0 0
line 910 324 780 83 82 0 0 0 5242880 0 0
line 911 780 781 83 82 0 0 0 5242880 0 0
line 912 781 323 83 82 0 0 0 5242880 0 0
line 913 258 777 80 81 0 0 0 5242880 0 0
line 914 777 776 80 81 0 0 0 5242880 0 0
line 915 776 266 80 81 0 0 0 5242880 0 0
line 916 772 775 31 82 0 24 0 3145728 0 0
line 917 775 774 31 81 0 8 0 3 0 0
line 918 774 773 31 82 0 24 0 3145728 0 0
line 919 773 772 31 26 0 8 0 3 0 0
line 920 783 806 90 0 0 0 0 0 1024 0
line 921 806 796 90 0 16 0 0 0 1024 0
line 922 796 795 90 0 0 0 0 0 0 0
line 923 795 809 90 0 0 0 0 0 1024 0
line 924 809 808 90 0 16 0 0 0 1024 0
line 925 808 797 79 0 16 0 0 0 1024 0
line 926 797 791 79 0 0 0 0 0 0 0
line 927 791 825 79 0 0 0 0 0 1024 0
line 928 825 824 90 0 0 0 0 0 1024 0
line 929 824 793 90 0 16 0 0 0 1024 0
line 930 793 788 90 0 0 0 0 0 0 0
line 931 788 823 90 0 0 0 0 0 1024 0
line 932 823 794 90 0 16 0 0 0 1024 0
line 933 794 792 90 0 0 0 0 0 0 0
line 934 792 822 90 0 0 0 0 0 1024 0
line 935 822 821 90 0 16 0 0 0 1024 0
line 936 821 798 79 0 16 0 0 0 1024 0
line 937 798 799 79 0 0 0 0 0 0 0
line 938 799 820 79 0 0 0 0 0 1024 0
line 939 820 819 90 0 0 0 0 0 1024 0
line 940 819 790 90 0 16 0 0 0 1024 0
line 941 790 800 90 0 0 0 0 0 0 0
line 942 800 818 90 0 0 0 0 0 1024 0
line 943 818 801 90 0 16 0 0 0 1024 0
line 944 801 789 90 0 0 0 0 0 0 0
line 945 789 817 90 0 0 0 0 0 1024 0
line 946 817 816 90 0 16 0 0 0 1024 0
line 947 816 802 79 0 16 0 0 0 1024 0
line 948 802 803 79 0 0 0 0 0 0 0
line 949 803 815 79 0 0 0 0 0 1024 0
line 950 815 814 90 0 0 0 0 0 1024 0
line 951 814 787 90 0 16 0 0 0 1024 0
line 952 787 804 90 0 0 0 0 0 0 0
line 953 804 813 90 0 0 0 0 0 1024 0
line 954 813 805 90 0 16 0 0 0 1024 0
line 955 805 786 90 0 0 0 0 0 0 0
line 956 786 812 90 0 0 0 0 0 1024 0
line 957 812 811 90 0 16 0 0 0 1024 0
line 958 811 785 79 0 16 0 0 0 1024 0
line 959 785 784 79 0 0 0 0 0 0 0
line 960 784 810 79 0 0 0 0 0 1024 0
line 961 810 807 90 0 0 0 0 0 1024 0
line 962 807 782 90 0 16 0 0 0 1024 0
line 963 782 783 90 0 0 0 0 0 0 0
line 964 826 829 90 0 16 0 0 0 1024 0
line 965 829 828 79 0 32 0 0 0 1024 0
line 966 828 827 79 0 48 0 0 0 1024 0
line 967 827 826 90 0 0 0 0 0 1024 0
line 968 217 219 79 0 32 0 0 0 1024 0
line 969 219 253 79 0 48 0 0 0 1024 0
line 970 211 859 77 0 0 24 0 3072 0 0
line 971 859 862 77 0 0 24 0 3072 0 -7
line 972 862 861 77 0 0 24 0 3072 0 -7
line 973 861 838 77 0 0 24 0 3072 0 0
line 974 838 837 81 0 0 24 0 3072 0 -13
line 975 837 836 81 0 0 24 0 3072 0 0
line 976 836 249 81 0 0 24 0 3072 0 -13
line 977 252 840 81 0 0 24 0 3072 0 -7
line 978 840 839 81 0 0 24 0 3072 0 -7
line 979 839 852 81 0 0 24 0 3072 0 0
line 980 852 850 81 0 0 24 0 3072 0 -7
line 981 850 849 81 0 0 24 0 3072 0 -7
line 982 849 854 81 0 0 24 0 3072 0 0
line 983 854 855 81 0 0 24 0 3072 0 -13
line 984 855 212 26 0 0 24 0 3072 0 0
line 985 872 211 77 26 0 0 0 0 0 0
line 986 858 863 76 77 0 0 0 5242880 0 -7
line 987 863 860 76 77 0 0 0 5242880 0 -7
line 988 860 847 80 81 0 0 0 5242880 0 0
line 989 847 846 80 81 0 0 0 5242880 0 19
line 990 846 844 80 81 0 0 0 5242880 0 32
line 991 844 842 80 81 0 0 0 5242880 0 19
line 992 258 316 81 65 0 0 0 0 0 0
line 993 868 266 81 22 0 0 0 0 0 0
line 994 843 841 80 81 0 0 0 5242880 0 -7
line 995 841 845 80 81 0 0 0 5242880 0 -7
line 996 845 853 80 81 0 0 0 5242880 0 32
line 997 853 851 80 81 0 0 0 5242880 0 -7
line 998 851 848 80 81 0 0 0 5242880 0 -7
line 999 848 857 80 81 0 0 0 5242880 0 0
line 1000 857 856 76 78 0 0 0 5242880 0 19
line 1001 873 872 76 25 0 0 0 0 0 0
line 1002 490 865 89 88 0 0 0 5242880 0 0
line 1003 865 443 38 37 0 0 0 5242880 0 0
line 1004 442 864 38 37 0 0 0 5242880 0 0
line 1005 864 734 89 88 0 0 0 5242880 0 0
line 1006 440 301 37 0 0 8 0 3072 0 0
line 1007 301 736 88 0 0 8 0 3072 0 0
line 1008 301 864 37 88 0 0 0 0 0 0
line 1009 92 866 4 5 0 0 0 5242880 0 32
line 1010 866 86 84 85 0 0 0 5242880 0 0
line 1011 84 867 84 85 0 0 0 5242880 0 0
line 1012 867 91 4 5 0 0 0 5242880 0 0
line 1013 775 868 81 0 0 24 0 3072 0 0
line 1014 773 871 26 0 0 24 0 3072 0 0
line 1015 871 252 81 0 0 24 0 3072 0 0
line 1016 842 869 80 81 0 0 0 5242880 0 0
line 1017 869 250 25 26 0 0 0 5242880 0 0
line 1018 251 870 25 26 0 0 0 5242880 0 0
line 1019 870 843 80 81 0 0 0 5242880 0 0
line 1020 249 869 81 26 0 0 0 0 0 0
line 1021 869 870 80 25 0 0 0 0 0 0
line 1022 870 871 81 26 0 0 0 0 0 0
line 1023 855 873 78 26 0 0 0 0 0 0
line 1024 856 873 76 78 0 0 0 5242880 0 0
line 1025 873 205 25 26 0 0 0 5242880 0 0
line 1026 204 872 25 26 0 0 0 5242880 0 0
line 1027 31 20 5 70 0 0 0 0 0 0
line 1028 20 874 4 71 0 0 0 0 0 0
line 1029 874 875 5 70 0 0 0 0 0 0
line 1030 24 874 71 70 0 0 0 5242880 0 0
line 1031 200 876 87 86 0 0 0 5242880 0 0
line 1032 876 203 25 26 0 0 0 5242880 0 0
line 1033 198 877 86 0 0 24 0 3072 0 0
line 1034 877 210 26 0 0 24 0 3072 0 0
line 1035 877 876 86 26 0 0 0 0 0 0
line 1036 327 879 88 0 0 8 0 3072 0 0
line 1037 879 775 82 0 0 8 0 3072 0 0
line 1038 764 878 89 88 0 0 0 5242880 0 0
line 1039 878 778 83 82 0 0 0 5242880 0 0
line 1040 325 489 82 88 0 0 0 0 0 0
line 1041 489 878 83 89 0 0 0 0 0 0
line 1042 878 879 82 88 0 0 0 0 0 0
line 1043 810 829 79 90 16 0 0 0 1 0
line 1044 827 808 79 90 0 0 0 0 1 0
line 1045 825 217 79 90 16 0 0 0 1 0
line 1046 253 821 79 90 0 0 0 0 1 0
line 1047 820 254 79 90 16 0 0 0 1 0
line 1048 835 816 79 90 0 0 0 0 1 0
line 1049 815 832 79 90 16 0 0 0 1 0
line 1050 499 880 41 0 0 8 0 3072 0 0
line 1051 883 583 97 0 0 24 0 3072 0 0
line 1052 584 888 97 0 0 24 0 3072 0 0
line 1053 888 887 96 0 0 24 0 3072 0 0
line 1054 887 882 97 0 0 24 0 3072 0 0
line 1055 882 886 97 0 0 0 0 3072 0 0
line 1056 886 885 97 137 0 24 0 1 1048576 0
line 1057 885 881 97 0 0 24 0 3072 0 0
line 1058 881 884 97 0 0 24 0 3072 0 0
line 1059 883 884 98 94 0 24 0 1 0 0
line 1060 890 888 96 97 0 0 0 1 0 0
line 1061 893 897 94 97 0 0 0 1 0 0
line 1062 887 891 96 97 0 0 0 1 0 0
line 1063 891 896 96 97 0 0 0 1 0 0
line 1064 896 894 95 97 0 0 0 1048576 0 0
line 1065 894 895 95 97 0 0 0 1048576 0 0
line 1066 895 893 95 97 0 0 0 1048576 0 0
line 1067 898 892 94 97 0 0 0 1 0 0
line 1068 892 583 92 97 0 0 0 0 0 0
line 1069 584 889 92 97 0 0 0 0 0 0
line 1070 889 890 96 97 0 0 0 1 0 0
line 1071 892 893 94 93 0 0 0 1 0 0
line 1072 893 896 95 93 0 0 0 1048576 0 0
line 1073 896 889 96 93 0 0 0 1 0 0
line 1074 892 889 93 92 0 0 0 0 0 0
line 1075 883 898 94 97 0 0 0 1 0 0
line 1076 897 884 94 97 0 0 0 1 0 0
line 1077 900 899 98 0 0 24 0 3072 0 0
line 1078 899 883 98 99 0 0 0 1048577 0 0
line 1079 884 900 98 0 0 24 0 3072 0 0
line 1080 899 904 99 0 0 24 0 3072 0 0
line 1081 904 903 99 0 0 24 0 3072 0 0
line 1082 903 902 99 0 0 24 0 3072 0 0
line 1083 905 906 101 100 0 0 0 1048577 1048576 0
line 1084 901 883 99 0 0 24 0 3072 0 0
line 1085 902 916 106 0 0 24 0 3072 0 0
line 1086 916 919 107 0 0 24 0 3072 0 0
line 1087 919 920 104 0 0 24 0 3072 0 0
line 1088 920 922 108 0 0 24 0 3072 0 0
line 1089 902 915 99 100 0 0 0 1048577 1048577 0
line 1090 921 920 108 104 0 0 0 1048577 1048576 0
line 1091 915 901 99 0 0 24 0 3072 0 0
line 1092 917 916 107 106 0 0 0 1048577 1048576 0
line 1093 918 919 104 107 0 0 0 1048577 1048576 0
line 1094 914 902 106 105 0 0 0 1048577 1048576 0
line 1095 906 902 105 100 0 0 0 1048577 1048576 0
line 1096 923 921 108 0 0 24 0 3072 0 0
line 1097 921 918 104 0 0 24 0 3072 0 0
line 1098 918 917 107 0 0 24 0 3072 0 0
line 1099 917 914 106 0 0 24 0 3072 0 0
line 1100 914 913 105 0 0 24 0 3072 0 0
line 1101 913 906 105 0 0 24 0 3072 0 0
line 1102 906 907 101 0 0 24 0 3072 0 0
line 1103 907 910 102 0 0 24 0 3072 0 0
line 1104 910 912 103 0 0 24 0 3072 0 0
line 1105 912 911 103 109 0 24 0 3145728 3 0
line 1106 911 909 103 0 0 24 0 3072 0 0
line 1107 909 908 102 0 0 24 0 3072 0 0
line 1108 908 905 101 0 0 24 0 3072 0 0
line 1109 905 915 100 0 0 24 0 3072 0 0
line 1110 908 907 102 101 0 0 0 1048577 1048576 0
line 1111 909 910 103 102 0 0 0 1048577 1048576 0
line 1112 922 923 108 0 0 24 0 3072 0 0
line 1113 912 946 109 0 0 24 0 3072 0 0
line 1114 946 947 109 0 0 24 0 3072 0 0
line 1115 947 945 109 0 0 24 0 3072 0 0
line 1116 945 944 109 0 0 24 0 3072 0 0
line 1117 944 942 109 0 0 24 0 3072 0 0
line 1118 942 943 109 0 0 24 0 3072 0 0
line 1119 943 940 109 0 0 24 0 3072 0 0
line 1120 940 941 109 0 0 24 0 3072 0 0
line 1121 941 938 109 0 0 24 0 3072 0 0
line 1122 938 937 109 0 0 24 0 3072 0 0
line 1123 937 936 109 110 0 24 0 3 3145728 0
line 1124 936 935 109 0 0 24 0 3072 0 0
line 1125 935 934 109 0 0 24 0 3072 0 0
line 1126 934 933 109 0 0 24 0 3072 0 0
line 1127 933 932 109 0 0 24 0 3072 0 0
line 1128 932 931 109 0 0 24 0 3072 0 0
line 1129 931 939 109 0 0 24 0 3072 0 0
line 1130 939 930 109 0 0 24 0 3072 0 0
line 1131 930 929 109 0 0 24 0 3072 0 0
line 1132 929 928 109 0 0 24 0 3072 0 0
line 1133 928 927 109 0 0 24 0 3072 0 0
line 1134 927 926 109 0 0 24 0 3072 0 0
line 1135 926 925 109 0 0 24 0 3072 0 0
line 1136 925 924 109 0 0 24 0 3072 0 0
line 1137 924 911 109 0 0 24 0 3072 0 0
line 1138 937 950 110 0 0 24 0 3072 0 0
line 1139 950 949 112 0 0 24 0 3072 0 0
line 1140 949 951 114 0 0 24 0 3072 0 0
line 1141 951 952 115 0 0 24 0 3072 0 0
line 1142 952 953 116 111 0 0 0 0 0 0
line 1143 953 954 117 0 0 24 0 3072 0 0
line 1144 954 955 118 0 0 24 0 3072 0 0
line 1145 955 956 119 0 0 24 0 3072 0 0
line 1146 956 957 120 0 0 24 0 3072 0 0
line 1147 957 958 121 0 0 24 0 3072 0 0
line 1148 958 948 122 0 0 24 0 3072 0 0
line 1149 948 960 122 123 0 24 0 0 3145728 0
line 1150 977 953 111 0 0 24 0 3072 0 0
line 1151 973 977 111 0 0 24 0 3072 0 0
line 1152 967 966 118 0 0 24 0 3072 0 0
line 1153 966 963 117 0 0 24 0 3072 0 0
line 1154 963 962 116 0 0 24 0 3072 0 0
line 1155 962 964 115 0 0 24 0 3072 0 0
line 1156 960 961 122 0 0 24 0 3072 0 0
line 1157 961 978 120 0 0 24 0 3072 0 0
line 1158 959 936 110 0 0 24 0 3072 0 0
line 1159 952 968 111 0 0 24 0 3072 0 0
line 1160 968 969 111 0 0 24 0 3072 0 0
line 1161 969 970 111 0 0 24 0 3072 0 0
line 1162 970 971 111 0 0 24 0 3072 0 0
line 1163 972 975 111 0 0 24 0 3072 0 0
line 1164 976 972 111 0 0 24 0 3072 0 0
line 1165 965 959 112 0 0 24 0 3072 0 0
line 1166 975 974 111 0 0 24 0 3072 0 0
line 1167 974 973 111 0 0 24 0 3072 0 0
line 1168 978 967 119 0 0 24 0 3072 0 0
line 1169 964 979 114 0 0 24 0 3072 0 0
line 1170 979 965 113 0 0 24 0 3072 0 0
line 1171 971 980 111 0 0 24 0 3072 0 0
line 1172 980 981 111 0 0 24 0 3072 0 0
line 1173 981 976 111 0 0 24 0 3072 0 0
line 1174 950 959 110 112 0 0 0 3 3145728 0
line 1175 949 965 112 113 0 0 0 3 3145728 0
line 1176 949 979 113 114 0 0 0 3 3145728 0
line 1177 951 964 114 115 0 0 0 3 3145728 0
line 1178 952 962 115 116 0 0 0 3 3145728 0
line 1179 953 963 116 117 0 0 0 3 3145728 0
line 1180 954 966 117 118 0 0 0 3 3145728 0
line 1181 955 967 118 119 0 0 0 3 3145728 0
line 1182 957 961 120 121 0 0 0 3 3145728 0
line 1183 956 978 119 120 0 0 0 3 3145728 0
line 1184 958 961 121 122 0 0 0 3 3145728 0
line 1185 948 983 123 0 0 0 0 3072 0 0
line 1186 983 982 123 133 0 0 0 0 1048576 0
line 1187 982 960 123 0 0 0 0 3072 0 0
line 1188 1295 1296 157 0 0 0 0 0 1024 0
line 1189 999 986 124 0 0 0 0 3072 0 0
line 1190 1001 999 124 0 0 0 0 3072 0 0
line 1191 1000 1001 124 0 0 0 0 3072 0 0
line 1192 990 1000 124 0 0 0 0 3072 0 0
line 1193 992 990 124 0 0 0 0 3072 0 0
line 1194 994 992 124 0 0 0 0 3072 0 0
line 1195 995 994 124 0 0 0 0 3072 0 0
line 1196 996 995 124 0 0 0 0 3072 0 0
line 1197 997 996 124 0 0 0 0 3072 0 0
line 1198 998 997 124 0 0 0 0 3072 0 0
line 1199 991 998 124 0 0 0 0 3072 0 0
line 1200 987 1011 124 0 0 0 0 3072 0 0
line 1201 1011 1010 124 0 0 0 0 3072 0 0
line 1202 1010 1003 124 0 0 0 0 3072 0 0
line 1203 1003 1002 124 0 0 0 0 3072 0 0
line 1204 1002 1005 124 0 0 0 0 3072 0 0
line 1205 1005 1004 124 0 0 0 0 3072 0 0
line 1206 1004 1006 124 0 0 0 0 3072 0 0
line 1207 1006 1007 124 0 0 0 0 3072 0 0
line 1208 1007 1008 124 0 0 0 0 3072 0 0
line 1209 1008 1009 124 0 0 0 0 3072 0 0
line 1210 1009 1013 124 0 0 0 0 3072 0 0
line 1211 1013 1014 124 0 0 0 0 3072 0 0
line 1212 1014 1017 124 0 0 0 0 3072 0 0
line 1213 1017 1018 124 0 0 0 0 3072 0 0
line 1214 1018 1019 124 0 0 0 0 3072 0 0
line 1215 1019 1016 124 0 0 0 0 3072 0 0
line 1216 1016 1015 124 0 0 0 0 3072 0 0
line 1217 1015 1020 124 0 0 0 0 3072 0 0
line 1218 1046 1250 129 0 0 0 0 3072 0 0
line 1219 1021 1024 127 0 0 0 0 3072 0 0
line 1220 1024 1025 127 0 0 0 0 3072 0 0
line 1221 1025 1027 127 0 0 0 0 3072 0 0
line 1222 1027 1028 127 0 0 0 0 3072 0 0
line 1223 1028 1026 127 0 0 0 0 3072 0 0
line 1224 1026 1023 127 0 0 0 0 3072 0 0
line 1225 1023 1022 127 0 0 0 0 3072 0 0
line 1226 1031 1030 125 0 0 0 0 3072 0 0
line 1227 1030 1029 125 0 0 0 0 3072 0 0
line 1228 1029 1032 124 0 0 0 0 3072 0 0
line 1229 1032 991 124 0 0 0 0 3072 0 0
line 1230 1037 1035 125 0 0 0 0 3072 0 0
line 1231 1035 1033 125 0 0 0 0 3072 0 0
line 1232 1033 1034 125 0 0 0 0 3072 0 0
line 1233 1034 1036 125 0 0 0 0 3072 0 0
line 1234 1036 1038 125 0 0 0 0 3072 0 0
line 1235 1022 1047 127 0 0 0 0 3072 0 0
line 1236 1047 1044 127 0 0 0 0 3072 0 0
line 1237 1044 1042 127 0 0 0 0 3072 0 0
line 1238 1042 1041 127 0 0 0 0 3072 0 0
line 1239 1041 1040 127 0 0 0 0 3072 0 0
line 1240 1040 1043 127 0 0 0 0 3072 0 0
line 1241 1043 1045 127 0 0 0 0 3072 0 0
line 1242 1045 1046 127 0 0 0 0 3072 0 0
line 1243 1247 1118 131 0 0 0 0 3072 0 0
line 1244 1039 1012 129 0 0 0 0 3072 0 0
line 1245 1038 1048 125 0 0 0 0 3072 0 0
line 1246 1048 1050 125 0 0 0 0 3072 0 0
line 1247 1050 1052 125 0 0 0 0 3072 0 0
line 1248 1052 1054 125 0 0 0 0 3072 0 0
line 1249 1054 1056 125 0 0 0 0 3072 0 0
line 1250 1056 1059 125 0 0 0 0 3072 0 0
line 1251 1059 1061 125 0 0 0 0 3072 0 0
line 1252 1061 1060 125 0 0 0 0 3072 0 0
line 1253 1060 1058 125 0 0 0 0 3072 0 0
line 1254 1058 1057 125 0 0 0 0 3072 0 0
line 1255 1057 1055 125 0 0 0 0 3072 0 0
line 1256 1055 1053 125 0 0 0 0 3072 0 0
line 1257 1053 1051 125 0 0 0 0 3072 0 0
line 1258 1051 1049 125 0 0 0 0 3072 0 0
line 1259 1075 1071 125 0 0 0 0 3072 0 0
line 1260 1071 1066 125 0 0 0 0 3072 0 0
line 1261 1066 1067 125 0 0 0 0 3072 0 0
line 1262 1067 1068 125 0 0 0 0 3072 0 0
line 1263 1068 1069 125 0 0 0 0 3072 0 0
line 1264 1069 1070 125 0 0 0 0 3072 0 0
line 1265 1070 1074 125 0 0 0 0 3072 0 0
line 1266 1074 1076 125 0 0 0 0 3072 0 0
line 1267 1076 1077 125 0 0 0 0 3072 0 0
line 1268 1077 1072 125 0 0 0 0 3072 0 0
line 1269 1072 1073 125 0 0 0 0 3072 0 0
line 1270 1073 1078 125 0 0 0 0 3072 0 0
line 1271 1242 1234 128 0 0 0 0 3072 0 0
line 1272 1079 1242 128 0 0 0 0 3072 0 0
line 1273 1082 1081 126 0 0 0 0 3072 0 0
line 1274 1081 1080 125 0 0 0 0 3072 0 0
line 1275 1080 1075 125 0 0 0 0 3072 0 0
line 1276 1084 1083 128 0 0 0 0 3072 0 0
line 1277 1090 1091 126 0 0 0 0 3072 0 0
line 1278 1091 1092 126 0 0 0 0 3072 0 0
line 1279 1092 1093 126 0 0 0 0 3072 0 0
line 1280 1101 1100 127 0 0 0 0 3072 0 0
line 1281 1100 1097 127 0 0 0 0 3072 0 0
line 1282 1097 1095 127 0 0 0 0 3072 0 0
line 1283 1095 1064 127 0 0 0 0 3072 0 0
line 1284 1064 1065 127 0 0 0 0 3072 0 0
line 1285 1065 1037 127 0 0 0 0 3072 0 0
line 1286 1049 1062 125 0 0 0 0 3072 0 0
line 1287 1062 1063 125 0 0 0 0 3072 0 0
line 1288 1063 1094 125 0 0 0 0 3072 0 0
line 1289 1094 1089 125 0 0 0 0 3072 0 0
line 1290 1089 1087 125 0 0 0 0 3072 0 0
line 1291 1087 1085 125 0 0 0 0 3072 0 0
line 1292 1085 1086 125 0 0 0 0 3072 0 0
line 1293 1086 1088 126 0 0 0 0 3072 0 0
line 1294 1088 1090 126 0 0 0 0 3072 0 0
line 1295 1111 1109 126 0 0 0 0 3072 0 0
line 1296 1109 1106 126 0 0 0 0 3072 0 0
line 1297 1106 1105 126 0 0 0 0 3072 0 0
line 1298 1105 1103 126 0 0 0 0 3072 0 0
line 1299 1103 1082 126 0 0 0 0 3072 0 0
line 1300 1083 1104 128 0 0 0 0 3072 0 0
line 1301 1104 1107 128 0 0 0 0 3072 0 0
line 1302 1107 1108 128 0 0 0 0 3072 0 0
line 1303 1108 1110 128 0 0 0 0 3072 0 0
line 1304 1110 1112 128 0 0 0 0 3072 0 0
line 1305 1093 1115 126 0 0 0 0 3072 0 0
line 1306 1115 1114 126 0 0 0 0 3072 0 0
line 1307 1114 1113 126 0 0 0 0 3072 0 0
line 1308 1113 1111 126 0 0 0 0 3072 0 0
line 1309 1246 1135 129 0 0 0 0 3072 0 0
line 1310 1118 1117 131 0 0 0 0 3072 0 0
line 1311 1117 1116 131 0 0 0 0 3072 0 0
line 1312 1116 1096 131 0 0 0 0 3072 0 0
line 1313 1126 1125 131 0 0 0 0 3072 0 0
line 1314 1124 1122 130 0 0 0 0 3072 0 0
line 1315 1099 1102 131 0 0 0 0 3072 0 0
line 1316 1230 1227 135 0 0 0 0 3072 0 0
line 1317 1228 1230 135 0 0 0 0 3072 0 0
line 1318 1123 1124 130 0 0 0 0 3072 0 0
line 1319 1125 1099 131 0 0 0 0 3072 0 0
line 1320 1098 1126 131 0 0 0 0 3072 0 0
line 1321 1096 1098 131 0 0 0 0 3072 0 0
line 1322 1102 1127 131 0 0 0 0 3072 0 0
line 1323 1127 1149 131 0 0 0 0 3072 0 0
line 1324 1149 1154 131 0 0 0 0 3072 0 0
line 1325 1154 1153 131 0 0 0 0 3072 0 0
line 1326 1227 1226 135 0 0 0 0 3072 0 0
line 1327 1142 1147 131 0 0 0 0 3072 0 0
line 1328 1147 1148 131 0 0 0 0 3072 0 0
line 1329 1148 1141 131 0 0 0 0 3072 0 0
line 1330 1243 1031 125 0 0 0 0 3072 0 0
line 1331 1244 1243 125 0 0 0 0 3072 0 0
line 1332 1135 1133 129 0 0 0 0 3072 0 0
line 1333 1133 1134 129 0 0 0 0 3072 0 0
line 1334 1134 1136 129 0 0 0 0 3072 0 0
line 1335 1136 1138 129 0 0 0 0 3072 0 0
line 1336 1138 1152 129 0 0 0 0 3072 0 0
line 1337 1152 1151 129 0 0 0 0 3072 0 0
line 1338 1151 1150 129 0 0 0 0 3072 0 0
line 1339 1150 1156 129 0 0 0 0 3072 0 0
line 1340 1156 1158 129 0 0 0 0 3072 0 0
line 1341 1158 1157 129 0 0 0 0 3072 0 0
line 1342 1157 1155 129 0 0 0 0 3072 0 0
line 1343 1155 1132 129 0 0 0 0 3072 0 0
line 1344 1132 1131 129 0 0 0 0 3072 0 0
line 1345 1131 1130 129 0 0 0 0 3072 0 0
line 1346 1130 1129 127 0 0 0 0 3072 0 0
line 1347 1129 1128 127 0 0 0 0 3072 0 0
line 1348 1128 1101 127 0 0 0 0 3072 0 0
line 1349 1143 1139 130 0 0 0 0 3072 0 0
line 1350 1139 1140 130 0 0 0 0 3072 0 0
line 1351 1140 1161 131 0 0 0 0 3072 0 0
line 1352 1161 1162 131 0 0 0 0 3072 0 0
line 1353 1162 1163 131 0 0 0 0 3072 0 0
line 1354 1163 1164 131 0 0 0 0 3072 0 0
line 1355 1164 1165 131 0 0 0 0 3072 0 0
line 1356 1165 1166 131 0 0 0 0 3072 0 0
line 1357 1166 1167 131 0 0 0 0 3072 0 0
line 1358 1167 1168 131 0 0 0 0 3072 0 0
line 1359 1168 1169 131 0 0 0 0 3072 0 0
line 1360 1169 1170 131 0 0 0 0 3072 0 0
line 1361 1170 1171 131 0 0 0 0 3072 0 0
line 1362 1171 1172 131 0 0 0 0 3072 0 0
line 1363 1172 1173 131 0 0 0 0 3072 0 0
line 1364 1173 1174 131 0 0 0 0 3072 0 0
line 1365 1174 1175 131 0 0 0 0 3072 0 0
line 1366 1175 1176 131 0 0 0 0 3072 0 0
line 1367 1176 1146 131 0 0 0 0 3072 0 0
line 1368 1146 1160 131 0 0 0 0 3072 0 0
line 1369 1160 1177 131 0 0 0 0 3072 0 0
line 1370 1177 1179 131 0 0 0 0 3072 0 0
line 1371 1179 1181 131 0 0 0 0 3072 0 0
line 1372 1238 1237 136 0 0 0 0 3072 0 0
line 1373 1184 1238 136 0 0 0 0 3072 0 0
line 1374 1122 1185 130 0 0 0 0 3072 0 0
line 1375 1185 1187 130 0 0 0 0 3072 0 0
line 1376 1187 1190 130 0 0 0 0 3072 0 0
line 1377 1190 1189 130 0 0 0 0 3072 0 0
line 1378 1189 1188 130 0 0 0 0 3072 0 0
line 1379 1236 1212 136 0 0 0 0 3072 0 0
line 1380 1183 1182 130 0 0 0 0 3072 0 0
line 1381 1182 1180 130 0 0 0 0 3072 0 0
line 1382 1180 1178 130 0 0 0 0 3072 0 0
line 1383 1178 1159 130 0 0 0 0 3072 0 0
line 1384 1159 1145 130 0 0 0 0 3072 0 0
line 1385 1145 1144 130 0 0 0 0 3072 0 0
line 1386 1144 1191 130 0 0 0 0 3072 0 0
line 1387 1191 1192 130 0 0 0 0 3072 0 0
line 1388 1192 1193 130 0 0 0 0 3072 0 0
line 1389 1193 993 130 0 0 0 0 3072 0 0
line 1390 993 1143 130 0 0 0 0 3072 0 0
line 1391 1293 1294 156 0 0 0 0 0 1024 0
line 1392 1112 1120 128 0 0 0 0 3072 0 0
line 1393 1120 1194 128 0 0 0 0 3072 0 0
line 1394 1194 1195 128 0 0 0 0 3072 0 0
line 1395 1195 1196 128 0 0 0 0 3072 0 0
line 1396 1196 1197 128 0 0 0 0 3072 0 0
line 1397 1119 1246 129 0 0 0 0 3072 0 0
line 1398 1250 1039 129 0 0 0 0 3072 0 0
line 1399 1212 1211 128 0 0 0 0 3072 0 0
line 1400 1211 1210 128 0 0 0 0 3072 0 0
line 1401 1210 1213 128 0 0 0 0 3072 0 0
line 1402 1213 1084 128 0 0 0 0 3072 0 0
line 1403 1198 1199 128 0 0 0 0 3072 0 0
line 1404 1199 1200 128 0 0 0 0 3072 0 0
line 1405 1200 1201 128 0 0 0 0 3072 0 0
line 1406 1201 1202 128 0 0 0 0 3072 0 0
line 1407 1202 1203 128 0 0 0 0 3072 0 0
line 1408 1203 1204 128 0 0 0 0 3072 0 0
line 1409 1204 1205 128 0 0 0 0 3072 0 0
line 1410 1205 1206 128 0 0 0 0 3072 0 0
line 1411 1206 1207 128 0 0 0 0 3072 0 0
line 1412 1207 1208 128 0 0 0 0 3072 0 0
line 1413 1208 1209 128 0 0 0 0 3072 0 0
line 1414 1186 1218 132 0 0 0 0 3072 0 0
line 1415 1188 1183 130 0 0 0 0 3072 0 0
line 1416 1237 1236 136 0 0 0 0 3072 0 0
line 1417 1209 1216 128 0 0 0 0 3072 0 0
line 1418 1240 1198 132 0 0 0 0 3072 0 0
line 1419 1220 1219 134 0 0 0 0 3072 0 0
line 1420 1219 1217 132 0 0 0 0 3072 0 0
line 1421 1218 1221 134 0 0 0 0 3072 0 0
line 1422 1029 1037 125 124 0 0 0 0 0 0
line 1423 1248 1247 131 0 0 0 0 3072 0 0
line 1424 1312 987 161 0 0 0 0 3072 0 0
line 1425 1218 1219 132 134 0 0 0 1048576 0 0
line 1426 1086 1081 125 126 0 0 0 0 0 0
line 1427 1046 1130 127 129 0 0 0 0 0 0
line 1428 1197 1198 128 132 0 0 0 0 0 0
line 1429 1153 1142 131 0 0 0 0 3072 0 0
line 1430 1141 1140 131 129 0 0 0 0 0 0
line 1431 1181 1197 131 132 0 0 0 0 0 0
line 1432 985 984 133 158 0 0 0 1 0 0
line 1433 984 982 133 0 0 0 0 3072 0 0
line 1434 983 989 133 0 0 0 0 3072 0 0
line 1435 989 988 133 155 0 0 0 1 0 0
line 1436 1221 1225 134 0 0 0 0 3072 0 0
line 1437 1225 1224 134 0 0 0 0 3072 0 0
line 1438 1224 1223 134 0 0 0 0 3072 0 0
line 1439 1223 1222 134 0 0 0 0 3072 0 0
line 1440 1222 1220 134 0 0 0 0 3072 0 0
line 1441 1249 1248 131 0 0 0 0 3072 0 0
line 1442 1233 1123 130 0 0 0 0 3072 0 0
line 1443 1226 1121 135 0 0 0 0 3072 0 0
line 1444 1231 1229 135 0 0 0 0 3072 0 0
line 1445 1232 1231 135 0 0 0 0 3072 0 0
line 1446 1121 1232 135 0 0 0 0 3072 0 0
line 1447 1228 1229 129 135 0 0 0 1048576 0 0
line 1448 1012 1228 129 0 0 0 0 3072 0 0
line 1449 1214 1240 132 0 0 0 0 3072 0 0
line 1450 1234 1212 128 136 0 0 0 1048576 0 0
line 1451 1234 1235 136 0 0 0 0 3072 0 0
line 1452 1235 1215 136 0 0 0 0 3072 0 0
line 1453 1215 1184 136 0 0 0 0 3072 0 0
line 1454 1181 1239 132 0 0 0 0 3072 0 0
line 1455 1239 1241 132 0 0 0 0 3072 0 0
line 1456 1241 1186 132 0 0 0 0 3072 0 0
line 1457 1217 1214 132 0 0 0 0 3072 0 0
line 1458 1216 1079 128 0 0 0 0 3072 0 0
line 1459 1078 1137 125 0 0 0 0 3072 0 0
line 1460 1137 1245 125 0 0 0 0 3072 0 0
line 1461 1245 1244 125 0 0 0 0 3072 0 0
line 1462 1141 1119 129 0 0 0 0 3072 0 0
line 1463 1197 1249 131 0 0 0 0 3072 0 0
line 1464 1229 1252 129 0 0 0 0 3072 0 0
line 1465 1252 1233 130 0 0 0 0 3072 0 0
line 1466 1252 1140 129 130 0 0 0 0 0 0
line 1467 1020 1251 124 0 0 0 0 3072 0 0
line 1468 1251 1037 124 127 0 0 0 0 0 0
line 1469 1251 1021 127 0 0 0 0 3072 0 0
line 1470 886 1256 137 0 0 0 0 3072 0 0
line 1471 1256 1255 137 138 0 24 0 1 1048576 0
line 1472 1255 885 137 0 0 0 0 3072 0 0
line 1473 1256 1257 138 0 0 0 0 3072 0 0
line 1474 1257 1258 138 139 0 24 0 1 1048576 0
line 1475 1258 1255 138 0 0 0 0 3072 0 0
line 1476 1257 1260 139 0 0 0 0 3072 0 0
line 1477 1260 1259 139 140 0 24 0 1 1048576 0
line 1478 1259 1258 139 0 0 0 0 3072 0 0
line 1479 1260 1262 140 0 0 0 0 3072 0 0
line 1480 1262 1261 140 141 0 24 0 1 1048576 0
line 1481 1261 1259 140 0 0 0 0 3072 0 0
line 1482 1262 1264 141 0 0 0 0 3072 0 0
line 1483 1264 1263 141 142 0 24 0 1 1048576 0
line 1484 1263 1261 141 0 0 0 0 3072 0 0
line 1485 1264 1266 142 0 0 0 0 3072 0 0
line 1486 1266 1265 142 143 0 24 0 1 1048576 0
line 1487 1265 1263 142 0 0 0 0 3072 0 0
line 1488 1266 1267 143 0 0 0 0 3072 0 0
line 1489 1267 1253 143 144 0 24 0 1 1048576 0
line 1490 1253 1265 143 0 0 0 0 3072 0 0
line 1491 1276 1277 151 0 0 0 0 3072 0 0
line 1492 1277 1278 151 152 0 24 0 1 1048576 0
line 1493 1277 1280 152 0 0 0 0 3072 0 0
line 1494 1278 1275 151 0 0 0 0 3072 0 0
line 1495 1279 1278 152 0 0 0 0 3072 0 0
line 1496 1280 1279 152 153 0 24 0 1 1048576 0
line 1497 1280 1281 153 0 0 0 0 3072 0 0
line 1498 1281 1282 153 155 0 24 0 1 1048576 0
line 1499 1271 1272 148 0 0 0 0 3072 0 0
line 1500 1272 1269 148 149 0 24 0 1 1048576 0
line 1501 1282 1279 153 0 0 0 0 3072 0 0
line 1502 1272 1273 149 0 0 0 0 3072 0 0
line 1503 1273 1274 149 150 0 24 0 1 1048576 0
line 1504 1274 1269 149 0 0 0 0 3072 0 0
line 1505 1273 1276 150 0 0 0 0 3072 0 0
line 1506 1276 1275 150 151 0 24 0 1 1048576 0
line 1507 1275 1274 150 0 0 0 0 3072 0 0
line 1508 1269 1283 148 0 0 0 0 3072 0 0
line 1509 1283 1285 154 0 0 0 0 3072 0 0
line 1510 1285 1287 147 0 0 0 0 3072 0 0
line 1511 1287 1286 146 0 0 0 0 3072 0 0
line 1512 1286 1284 145 0 0 0 0 3072 0 0
line 1513 1284 1253 144 0 0 0 0 3072 0 0
line 1514 1271 1283 154 148 0 24 0 1 1048576 0
line 1515 1267 1268 144 0 0 0 0 3072 0 0
line 1516 1268 1254 145 0 0 0 0 3072 0 0
line 1517 1270 1271 154 0 0 0 0 3072 0 0
line 1518 1268 1284 144 145 0 24 0 1 1048576 0
line 1519 1254 1286 145 146 0 24 0 1 1048576 0
line 1520 1254 1288 146 0 0 0 0 3072 0 0
line 1521 1288 1287 146 147 0 24 0 1 1048576 0
line 1522 1288 1270 147 0 0 0 0 3072 0 0
line 1523 1270 1285 147 154 0 24 0 1 1048576 0
line 1524 1281 988 155 0 0 0 0 3072 0 0
line 1525 989 1282 155 0 0 0 0 3072 0 0
line 1526 1290 984 158 0 0 0 0 3072 0 0
line 1527 985 1289 158 0 0 0 0 3072 0 0
line 1528 1289 1290 158 0 0 0 0 3072 0 0
line 1529 1300 1307 159 0 0 0 0 0 1024 0
line 1530 1292 1305 160 0 0 0 0 0 1024 0
line 1531 1305 1308 160 0 0 0 0 0 1024 0
line 1532 1308 1299 160 0 0 0 0 0 1024 0
line 1533 1299 1291 160 0 0 0 0 0 1024 0
line 1534 1306 1293 156 0 0 0 0 0 1024 0
line 1535 1298 1300 159 0 0 0 0 0 1024 0
line 1536 1294 1302 156 0 0 0 0 0 1024 0
line 1537 1302 1309 156 0 0 0 0 0 1024 0
line 1538 1309 1306 156 0 0 0 0 0 1024 0
line 1539 1301 1295 157 0 0 0 0 0 1024 0
line 1540 1303 1297 159 0 0 0 0 0 1024 0
line 1541 1296 1304 157 0 0 0 0 0 1024 0
line 1542 1304 1310 157 0 0 0 0 0 1024 0
line 1543 1310 1301 157 0 0 0 0 0 1024 0
line 1544 1307 1303 159 0 0 0 0 0 1024 0
line 1545 1297 1298 159 0 0 0 0 0 1024 0
line 1546 1291 1292 160 0 0 0 0 0 1024 0
line 1547 988 1312 133 0 0 0 0 3072 0 0
line 1548 986 1311 161 0 0 0 0 3072 0 0
line 1549 1311 985 133 0 0 0 0 3072 0 0
line 1550 1312 1315 133 161 0 0 0 1048576 0 0
line 1551 1315 1313 133 162 0 0 0 0 0 0
line 1552 1313 1311 133 161 0 0 0 1048576 0 0
line 1553 986 1314 124 161 0 0 0 1048576 0 0
line 1554 1314 1316 124 162 0 0 0 1048576 0 0
line 1555 1316 987 124 161 0 0 0 1048576 0 0
line 1556 1314 1313 162 161 0 0 0 1048576 0 0
line 1557 1315 1316 162 161 0 0 0 1048576 0 0
sector-count 256
sector 0 0 0 0 0 0 0
sector 1 -8 88 96 0 0 8200
sector 2 0 80 96 0 0 5125
sector 3 0 80 96 32 0 5125
sector 4 -8 96 255 0 0 6152
sector 5 -8 88 96 0 0 8200
sector 6 -8 96 255 0 0 6152
sector 7 -8 88 96 0 0 8200
sector 8 -8 512 255 0 0 6152
sector 9 0 80 96 0 0 5125
sector 10 -8 88 96 0 0 8200
sector 11 -8 96 255 0 0 6152
sector 12 -24 96 128 0 0 8200
sector 13 -40 104 128 0 0 8200
sector 14 8 56 128 0 0 2050
sector 15 -56 112 128 0 0 8200
sector 16 -72 120 128 0 0 8200
sector 17 -88 128 128 0 0 8200
sector 18 -104 136 128 0 0 8200
sector 19 -104 120 128 0 0 8200
sector 20 -104 512 255 0 0 6152
sector 21 -88 8 128 0 0 8200
sector 22 -8 88 96 0 0 8200
sector 23 0 80 96 0 32 7175
sector 24 0 80 96 0 32 7175
sector 25 -8 96 255 0 0 6152
sector 26 -8 88 96 0 0 8200
sector 27 -8 512 255 0 0 6152
sector 28 -8 88 255 0 0 6152
sector 29 0 80 96 0 32 7175
sector 30 -8 88 96 0 0 9225
sector 31 -120 88 96 0 0 8200
sector 32 -104 136 128 32 0 9225
sector 33 40 128 255 0 0 6145
sector 34 -112 -32 96 0 0 5125
sector 35 -112 -32 96 0 0 5125
sector 36 -112 -32 96 0 0 7175
sector 37 -120 -24 96 0 0 8200
sector 38 -120 -16 255 0 0 6152
sector 39 -112 -32 96 32 0 5125
sector 40 -120 88 96 0 0 8200
sector 41 -8 88 96 0 0 8200
sector 42 -16 96 255 0 0 6154
sector 43 -32 96 255 0 0 6154
sector 44 -48 96 255 0 0 6154
sector 45 -64 96 255 0 0 6154
sector 46 -80 96 255 0 0 6154
sector 47 -96 96 255 0 0 6154
sector 48 -112 96 255 0 0 6154
sector 49 -120 88 96 0 0 8200
sector 50 -112 -32 255 0 0 5125
sector 51 -120 512 255 0 0 6152
sector 52 -120 -24 96 0 0 1025
sector 53 -120 -16 255 0 0 1025
sector 54 -8 96 255 0 0 6152
sector 55 -8 96 255 0 0 6152
sector 56 -120 -16 128 0 0 6152
sector 57 -8 88 96 0 0 8200
sector 58 -8 88 96 0 0 8200
sector 59 -120 -24 64 0 0 8200
sector 60 -120 8 48 0 0 8200
sector 61 0 80 96 0 32 7175
sector 62 -24 88 96 0 0 8193
sector 63 -8 -16 96 0 0 8
sector 64 -8 96 255 0 0 6152
sector 65 -8 88 96 0 0 8200
sector 66 -120 -16 255 0 0 6152
sector 67 -120 -24 96 0 0 8200
sector 68 -120 -24 96 0 0 8200
sector 69 -120 -16 255 0 0 6152
sector 70 -8 88 96 0 0 8200
sector 71 -8 96 255 0 0 6152
sector 72 -8 88 96 0 0 8200
sector 73 -8 96 255 0 0 6152
sector 74 -8 96 255 0 0 6152
sector 75 -8 88 96 0 0 8200
sector 76 -8 96 255 0 0 6152
sector 77 -8 88 96 0 0 8200
sector 78 -8 88 96 0 0 8200
sector 79 -8 -24 96 0 0 8200
sector 80 -8 96 255 0 0 6152
sector 81 -8 88 96 0 0 8200
sector 82 -120 -24 96 0 0 8200
sector 83 -120 -16 255 0 0 6152
sector 84 -8 96 255 0 0 6152
sector 85 -8 88 96 0 0 8200
sector 86 -8 88 96 0 0 8200
sector 87 -8 96 255 0 0 6152
sector 88 -120 -24 96 0 0 8200
sector 89 -120 -16 255 0 0 6152
sector 90 -8 -16 255 0 0 1025
sector 91 -8 88 96 0 32 9225
sector 92 0 80 255 0 0 1025
sector 93 0 80 255 0 0 1025
sector 94 -72 80 255 0 0 1025
sector 95 0 112 255 0 0 1025
sector 96 -32 80 208 0 0 1025
sector 97 0 80 255 0 0 1025
sector 98 -128 80 255 0 0 1025
sector 99 -128 -16 255 0 0 1025
sector 100 -152 -40 255 0 0 1025
sector 101 -176 -64 255 0 0 1025
sector 102 -200 -88 255 0 0 1025
sector 103 -224 -112 255 0 0 1025
sector 104 -248 -136 150 0 -29696 1025
sector 105 -176 -64 255 0 0 1025
sector 106 -200 -88 255 0 0 1025
sector 107 -224 -112 255 0 0 1025
sector 108 -272 -160 224 1 8192 1025
sector 109 -248 -136 255 0 0 1025
sector 110 -224 -112 255 0 0 1025
sector 111 -104 8 255 0 0 1025
sector 112 -200 -88 255 0 0 1025
sector 113 -176 -64 255 0 0 1025
sector 114 -152 -40 255 0 0 1025
sector 115 -128 -16 255 0 0 1025
sector 116 -104 8 255 0 0 1025
sector 117 -80 32 255 0 0 1025
sector 118 -56 56 255 0 0 1025
sector 119 -32 80 255 0 0 1025
sector 120 -8 104 255 0 0 1025
sector 121 16 128 255 0 0 1025
sector 122 40 144 255 0 0 1025
sector 123 40 152 255 0 0 1025
sector 124 40 304 255 0 0 1025
sector 125 40 304 255 0 0 1025
sector 126 40 304 255 0 0 1025
sector 127 40 304 255 0 0 1025
sector 128 40 304 255 0 0 1025
sector 129 40 304 74 0 0 1025
sector 130 40 304 255 0 0 1025
sector 131 40 304 255 0 0 1025
sector 132 40 304 64 0 0 1025
sector 133 40 248 255 0 0 1025
sector 134 40 176 255 0 0 1025
sector 135 40 176 255 0 0 1025
sector 136 40 176 88 0 0 1025
sector 137 8 104 255 0 0 1025
sector 138 16 112 255 0 0 1025
sector 139 24 120 255 0 0 1025
sector 140 32 128 255 0 0 1025
sector 141 40 136 255 0 0 1025
sector 142 48 144 255 0 0 1025
sector 143 56 152 255 0 0 1025
sector 144 64 160 255 0 0 1025
sector 145 72 168 255 0 0 1025
sector 146 80 176 255 0 0 1025
sector 147 88 184 255 0 0 1025
sector 148 104 200 255 0 0 1025
sector 149 112 208 255 0 0 1025
sector 150 120 216 255 0 0 1025
sector 151 128 224 255 0 0 1025
sector 152 136 232 255 0 0 1025
sector 153 144 240 255 0 0 1025
sector 154 96 192 255 0 0 1025
sector 155 144 248 255 0 0 1025
sector 156 152 144 255 0 0 1025
sector 157 152 144 255 0 0 1025
sector 158 144 248 255 0 0 1025
sector 159 152 144 255 0 0 1025
sector 160 152 144 255 0 0 1025
sector 161 40 144 255 0 0 1025
sector 162 40 248 255 0 0 1025
sector 163 0 0 0 0 0 30952064
sector 164 0 0 120 -25417 -7925 127
sector 165 0 0 0 0 0 0
sector 166 0 0 0 0 0 434432
sector 167 0 0 0 6672 476 0
sector 168 0 0 0 0 0 0
sector 169 0 0 0 0 0 0
sector 170 0 0 0 0 0 1627387904
sector 171 0 0 0 0 0 3072
sector 172 0 0 8 0 2560 3741319168
sector 173 0 0 0 0 1 65536
sector 174 0 0 255 -28688 0 0
sector 175 0 0 0 0 0 536871008
sector 176 0 0 0 0 0 12
sector 177 0 0 0 0 9 4175364096
sector 178 0 0 0 256 0 256
sector 179 0 0 0 160 0 0
sector 180 0 0 0 0 0 1342178305
sector 181 0 0 0 0 0 67174448
sector 182 0 0 0 2048 0 167304960
sector 183 0 0 0 1 0 1
sector 184 0 0 172 0 0 0
sector 185 0 0 0 0 25600 1198548992
sector 186 0 0 0 768 0 1342203136
sector 187 0 0 0 0 0 272
sector 188 0 0 11 0 2304 1660944384
sector 189 0 0 0 0 1 65536
sector 190 0 0 0 23040 0 0
sector 191 0 0 0 0 0 16777152
sector 192 0 0 0 0 0 4278190092
sector 193 0 0 0 0 12 2204303360
sector 194 0 0 0 256 0 256
sector 195 0 0 224 160 0 0
sector 196 0 0 0 0 0 65536
sector 197 0 0 0 0 3072 0
sector 198 0 0 0 2816 0 3313722112
sector 199 0 0 0 1 0 1
sector 200 0 0 143 0 0 0
sector 201 0 0 0 0 4 1269854720
sector 202 0 0 0 0 12288 1929379840
sector 203 0 0 0 10 0 650478435
sector 204 0 0 1 0 256 16777216
sector 205 0 0 0 0 0 0
sector 206 0 0 0 0 -56 3628802104
sector 207 0 0 0 3 0 5308384
sector 208 0 0 0 0 4096 1
sector 209 0 0 0 0 11 3882024960
sector 210 0 0 0 256 0 256
sector 211 0 0 0 101 0 0
sector 212 0 0 0 0 -256 0
sector 213 0 0 0 0 3072 0
sector 214 0 0 0 3584 0 501703424
sector 215 0 0 0 1 0 1
sector 216 0 0 163 0 0 402653184
sector 217 0 0 0 0 -23552 0
sector 218 0 0 0 0 12 7168
sector 219 0 0 0 13 0 488499043
sector 220 0 0 1 0 256 2013265920
sector 221 0 0 0 0 0 0
sector 222 0 0 0 0 0 3628851200
sector 223 0 0 0 0 48 368
sector 224 0 0 12 0 25344 1908199
sector 225 0 0 0 0 1 4291821568
sector 226 0 0 0 0 0 0
sector 227 0 0 0 -32 480 30952272
sector 228 0 0 3 0 4096 805306624
sector 229 0 0 0 0 272 0
sector 230 0 0 0 3328 0 1102975744
sector 231 0 0 0 1 0 1
sector 232 0 0 96 0 0 0
sector 233 0 0 0 0 48 233897760
sector 234 0 0 0 0 0 16777728
sector 235 0 0 0 16 0 222412307
sector 236 0 0 1 0 256 402653184
sector 237 0 0 0 0 0 1572864
sector 238 0 0 0 6144 4096 0
sector 239 0 0 0 3072 0 4271898960
sector 240 0 0 15 0 4864 868798
sector 241 0 0 0 0 1 65536
sector 242 0 0 0 0 0 0
sector 243 0 0 0 1 576 30951968
sector 244 0 0 0 12288 6144 218107904
sector 245 0 0 0 0 -16877 3393
sector 246 0 0 0 256 0 419328000
sector 247 0 0 0 0 0 0
sector 248 0 0 208 6398 -20480 120907
sector 249 0 0 0 0 1 71304272
sector 250 0 0 0 12288 0 0
sector 251 0 0 1 0 0 10
sector 252 0 0 81 0 0 2147483648
sector 253 0 0 0 0 1136 0
sector 254 0 0 0 0 0 3637526528
sector 255 0 0 0 5 0 3
object-count 55
object 0 0 3456 768 144 0 0 0
object 1 1 -48 176 0 2 0 0
object 2 1 -48 240 0 2 0 0
object 3 1 -48 304 0 2 0 0
object 4 1 -48 368 0 2 0 0
object 5 1 -48 432 0 2 0 0
object 6 2 -64 144 0 4 0 0
object 7 1 -48 464 32 0 0 0
object 8 2 -48 480 64 0 6 6
object 9 2 -32 480 80 0 0 2
object 10 1 0 496 80 0 2 0
object 11 1 64 496 80 0 2 0
object 12 1 128 496 80 0 2 0
object 13 1 192 496 80 0 2 0
object 14 1 256 496 80 0 2 0
object 15 1 320 496 80 0 2 0
object 16 2 352 480 80 0 0 0
object 17 1 48 -224 24 2 0 0
object 18 1 48 -320 24 2 0 0
object 19 1 96 -272 24 0 2 0
object 20 1 96 -368 24 0 2 0
object 21 1 144 -320 24 2 0 0
object 22 1 240 -352 24 2 0 0
object 23 1 288 -304 24 0 2 0
object 24 1 288 -400 24 0 2 0
object 25 1 336 -352 24 2 0 0
object 26 1 384 -304 24 0 2 0
object 27 1 384 -400 24 0 2 0
object 28 1 432 -352 24 2 0 0
object 29 1 480 -400 24 0 2 0
object 30 1 576 -400 24 0 2 0
object 31 1 672 -400 24 0 2 0
object 32 1 768 -400 24 0 2 0
object 33 1 864 -400 24 0 2 0
object 34 1 960 -400 24 0 2 0
object 35 1 912 -352 24 2 0 0
object 36 1 960 -304 24 0 2 0
object 37 1 1008 -352 24 2 0 0
object 38 1 1104 -320 24 2 0 0
object 39 1 1152 -272 24 0 2 0
object 40 1 1152 -368 24 0 2 0
object 41 1 1200 -320 24 2 0 0
object 42 2 160 -288 24 0 0 0
object 43 2 192 -288 24 0 0 4
object 44 1 224 -304 24 0 2 0
object 45 2 160 -384 24 0 0 0
object 46 2 192 -384 24 0 0 4
object 47 1 224 -400 24 0 2 0
object 48 1 1024 -304 24 0 2 0
object 49 1 1024 -400 24 0 2 0
object 50 2 1088 -288 24 0 0 2
object 51 2 1056 -288 24 0 0 6
object 52 2 1088 -384 24 0 0 2
object 53 2 1056 -384 24 0 0 6
object 54 2 -64 464 0 6 0 0
